198656
352258
979286
741382
899415
645132
559119
26640
540689
630802
988163
919572
987157
929815
194584
872474
368530
167967
176134
24615
538972
380972
639666
575319
694323
313396
696374
442423
630840
735290
344125
962622
237633
12355
464964
589893
309319
397386
450231
702543
989264
237649
28754
575573
743512
151643
14428
52581
979040
168034
102075
497766
364651
446572
606321
632951
344188
206973
917630
354431
16521
905354
497805
780430
59535
647192
706708
134623
517145
215192
258201
434330
981149
610465
327843
182439
694441
647340
694445
24750
189469
899250
755891
705626
694458
78012
929981
84159
413889
135362
415940
6485
147655
223436
65741
682191
102609
977109
147670
786648
288986
887004
448735
145632
357072
581859
9254
239849
390564
88300
856786
207229
715039
206777
191433
628979
930039
792824
613076
426234
340219
882946
866564
739590
157960
473353
719115
737549
751887
731408
325909
684761
41241
968986
987420
26909
6431
491808
216667
799013
315278
297
530730
602411
717100
579886
250160
929380
909620
424247
162104
231738
631099
573834
590142
534847
254272
307194
51524
768325
45793
244040
645452
244045
725326
216120
696658
561491
338261
407894
418135
76121
571738
858511
158044
428383
575841
438627
522596
58350
211345
22888
123241
127338
491883
686444
192883
898110
694646
102775
235897
932219
235901
638016
219526
18826
432523
18828
513444
883087
166288
915857
909714
33859
891287
223300
723355
471455
620962
879012
667413
586150
627441
590248
254378
514478
663983
324016
877640
893363
84405
754102
359497
633272
783092
813499
78269
188862
57791
651712
937376
426436
6598
290209
858571
197026
606671
683005
422356
616917
63959
694744
192985
260570
632911
478
234629
110894
561633
506573
679449
766033
850410
580078
403952
242161
569842
641523
426485
973304
832208
621056
375297
881158
307723
233998
109071
127064
213526
752154
352797
305694
86560
207280
281122
731683
365318
61326
164391
197160
293419
555566
641583
479792
25011
191030
899849
375352
211517
322110
430657
723523
14916
748104
977483
449100
509168
655951
805304
646243
111190
674391
203352
467545
741983
379489
981603
254565
506472
442985
539242
920171
754284
567917
37309
182897
721522
671507
628
305781
37495
520870
346745
492154
696957
740117
524241
369283
465541
771960
543368
29321
291467
768654
805520
675363
864915
95873
649880
643739
838304
158370
275110
230172
74410
469676
502898
485149
142792
23218
66650
584373
374217
697018
264894
586431
518848
660170
261239
948940
318157
82639
498384
985810
452387
924372
490146
306392
828121
699855
297693
434911
463584
396001
271075
516836
629478
873596
631533
752366
503933
875248
371441
32211
912116
803574
101111
713467
295676
926463
314113
869122
912171
394710
379654
840456
283401
235991
543503
158481
334612
33557
406294
983831
227595
580379
164636
813855
439072
385827
478419
246568
777001
332587
643885
114732
822066
391987
899892
731614
328503
314168
791355
873277
131902
721727
500544
762690
205635
987975
55778
852814
893069
594768
584504
947026
351062
678743
295768
633690
683151
355737
907067
261775
586597
6289
656232
485180
888959
901998
490351
326513
414579
447348
717685
254838
74616
233620
875388
895370
877440
877441
101250
488323
525190
593047
203661
736143
754578
537411
775892
379797
437145
209818
265115
922524
742301
541600
9121
838562
144291
238500
863141
533414
72615
45993
514986
447303
745950
543218
908206
471984
232369
62391
983992
383929
539580
613310
136130
585547
50116
910277
797638
131233
885705
486346
932811
95182
451535
789457
545746
109523
469972
211925
597497
941017
491314
672734
390112
750890
474087
729249
861351
558060
152558
596975
990193
982002
928755
857076
963573
318456
953337
35835
721917
697343
666624
578048
746498
939011
508934
177159
973832
559276
759633
276549
272328
806402
841901
11281
912405
50200
328729
15388
21533
810015
427040
896033
830499
568357
252966
533543
433057
807980
93229
183346
165661
613432
601148
883774
302961
732224
457815
586819
909084
717895
248904
382025
191562
513099
396366
42063
810064
265795
349268
975212
734295
648281
646234
173151
359520
687201
226403
11365
800654
330855
539554
443239
652396
810095
703602
355859
599157
3191
591635
68729
629883
801916
668797
143722
99456
852279
181378
683139
355461
27783
502920
199817
265357
656526
160911
152720
380050
634003
980119
681113
378053
479188
85153
748707
214180
70854
621734
728231
806057
827591
769198
635421
414899
346303
138100
23739
449724
971965
29890
138432
408770
230597
345286
937159
138441
217196
616994
528248
21715
309240
609494
918743
87256
449754
247004
384221
202277
502575
679140
201957
248017
378853
369899
44269
724208
711527
603384
687354
736509
746752
638211
722180
847109
292103
177417
621835
861058
533720
244729
847124
957919
318743
996634
310490
159006
671007
90672
561089
435492
486693
560339
398633
765226
884012
716078
834863
468272
838961
298290
711987
783670
36151
435512
91700
503100
636221
515390
595267
140613
212294
255304
941385
818507
595278
429734
482641
384123
394581
195927
111961
390491
3420
697693
377713
159077
675174
248960
941420
408466
425326
753008
386417
7539
171381
277880
190389
345466
234875
374140
898285
32128
238977
937346
273985
505513
798091
675212
443629
208274
470419
930713
884121
945563
13728
54689
783778
124324
974245
599462
304553
471280
918959
282032
126387
83383
589240
743722
44836
581056
1474
865843
875972
986565
613281
593352
601545
202186
761762
263630
386511
945616
685522
355235
212436
345557
153046
431575
228824
359901
497118
873951
556514
306663
746984
794090
116203
985750
798030
458225
415220
95145
536057
56826
226811
808444
589309
284158
859647
841217
458242
988676
32471
656904
151049
710154
554583
479149
847377
431634
615955
570900
138773
910870
77335
855225
313116
515611
706627
114267
865830
878118
590769
267818
833458
630318
702001
622065
194100
924922
73274
439867
271932
216638
927669
375811
601665
273986
518411
632391
206412
169550
622161
771666
892500
333398
757335
497241
360719
874076
499293
750181
271972
368229
15974
302695
620136
392124
149095
325228
886382
304751
1648
692840
392818
841332
423870
981731
405113
983440
138876
817770
789215
961904
792194
738950
757697
405128
28268
355607
859790
58022
398992
91438
620180
763502
376470
231512
900761
673147
779932
183971
95908
474790
738983
562857
569004
962504
562866
540340
54966
601783
304346
562875
792252
489418
239294
762485
662281
751301
216774
104691
415351
909006
824884
579448
345811
173780
825045
927447
673656
399065
530141
972869
934181
296672
192225
560081
155367
34536
605931
69358
153213
851068
839410
564862
923087
552405
805586
640689
79612
939773
603905
788226
661255
290568
166188
724747
284431
380691
730901
864022
300824
847719
50972
644893
349984
87843
747300
816934
339752
337708
128306
905006
176093
745096
712498
545369
827188
628533
202550
384823
325435
261948
182079
387481
587586
896838
698183
290633
786250
317259
89932
909178
577359
362808
110421
628567
773152
556890
401121
963735
880478
178015
921441
289651
444259
298855
333673
671449
57195
442220
800622
85873
558963
223745
311157
604022
518007
65400
223097
214906
980103
376702
520066
994680
276359
509832
485258
561037
714638
222382
29593
819090
645013
395163
85582
272290
704155
993188
521581
94118
341931
305069
454650
33096
821170
395187
798644
292789
74467
798648
739257
145339
323518
973813
694209
40900
917445
403399
270280
929737
358346
509624
755660
715426
841678
671696
593914
974804
475093
853975
856024
661467
774138
137187
266081
395237
341992
758880
733163
654950
784366
696303
727026
882675
175194
715433
851081
679929
278522
550909
694271
282172
