737280
253953
73731
696325
720905
626690
402776
221202
57364
917526
999450
853810
411084
550234
196638
5
33
557090
139304
81962
802860
57397
352310
323594
319550
286784
507969
745538
737348
294981
483398
106570
696396
368717
475214
8274
386403
254036
737365
778326
770135
622682
237659
229468
909409
720996
794727
655378
110
589935
589938
827509
876662
950392
172154
868476
598141
573566
475263
658112
130
57476
278663
237705
213130
139405
352399
942224
458897
262293
475286
692249
550480
57497
472431
286881
475299
213158
434346
65708
606381
475310
229551
901298
368535
639157
155832
909343
188
762046
884929
57544
540874
327714
196814
139476
16597
794838
188631
254168
909529
975069
82145
411003
262372
138581
65767
622824
254188
925935
137763
51923
360696
966905
295163
295165
639230
327936
155906
721156
68310
368904
729353
213261
524561
33042
120195
98580
532757
821903
598303
770336
999714
965339
950565
819496
299703
540970
254252
53298
573742
500015
147762
524595
819508
893237
360759
196920
106811
456074
303422
737599
655680
518880
418117
254282
246092
214418
786770
483669
532822
893271
131416
262492
728068
607594
778596
565605
917865
876907
90476
532845
90478
557423
115056
557427
737652
811381
475511
205176
229756
106878
254341
287113
352653
115088
460184
573844
164245
696726
336280
139682
647588
322289
647599
893360
65969
827828
475575
213433
172476
532554
90562
524739
287172
705953
712523
721356
664014
524751
516561
762322
819667
344532
438350
90583
573913
680412
57823
139744
483809
975332
754149
377318
90601
950767
172528
451057
950771
33268
464297
565754
983547
549372
295421
901637
360967
819722
885260
123405
9645
226427
508437
934427
737370
188960
401954
77915
49702
598568
426537
893482
778795
38322
172591
131635
655928
107065
852539
74301
827966
508480
517558
262726
533065
721482
66123
492108
107086
254543
459346
827987
909910
221786
746077
868960
25185
737890
164455
475752
675943
107119
367379
426615
573137
837055
828030
516735
754305
803458
893573
180871
918152
713353
746122
23319
205452
541325
155757
17040
574099
794734
574105
795290
803484
606877
852639
90794
263623
656045
664240
352946
492215
659572
860862
876661
635061
533186
312005
819913
533196
828109
451280
118904
312021
582360
951006
514853
131815
467689
492266
131820
131821
533232
314152
484085
606969
418558
239061
697089
893701
656139
17164
983170
697102
58840
303890
656147
410388
942869
826830
688922
492316
852765
951076
844582
672554
803628
58157
426798
222002
803639
762682
82058
541503
369473
140098
328515
901960
910155
885581
6302
229517
282766
656217
499766
433480
607075
582500
721769
148330
623470
115567
525168
656241
500594
697203
918392
107386
336763
312192
467841
377734
33671
230282
729995
236354
435086
66448
205713
113235
215875
33684
9710
762774
518980
234078
582560
967586
394147
869285
865777
598953
598954
451501
746415
885680
844724
623548
377792
91073
161
672713
672714
287691
705484
41935
779219
615382
156631
607192
740910
672735
74720
418787
565414
775904
718332
328682
50155
934893
377838
271343
582642
607742
33783
263160
10945
443387
132093
386046
656384
648195
887638
353793
410633
771082
787468
17922
386067
17428
992277
254293
992280
74777
156698
491695
574493
99361
541737
640044
286898
951344
173106
386100
255032
173114
345149
975934
770229
206347
853060
386118
181319
471223
459853
46605
91220
83781
844888
853083
574556
762978
893115
492644
336997
836710
656489
628242
222320
509042
9331
342889
771193
943226
148604
763006
836735
738432
66690
287875
599172
222341
238728
338796
394380
910480
287889
250051
156822
916861
812184
222361
42138
271515
607388
287907
427172
713894
500903
427176
777197
33966
378031
582832
610504
632077
165046
386231
787642
590026
746686
91328
640193
263363
787652
451781
517320
935113
787661
487629
361680
705748
443606
677650
206041
419035
779484
558629
17635
795877
877800
56188
869612
255217
795890
623863
385236
828667
197886
312577
50434
607491
303318
787719
439852
206090
737495
992524
517389
99598
460047
237784
328980
107798
771353
75035
730402
353571
288037
877863
296232
58667
206124
319709
419120
263474
673076
795957
50487
804152
771386
550205
501054
967999
468289
853316
66886
909537
877898
451915
369996
140621
435534
148818
165204
632152
845146
646031
566621
124257
869731
689509
320870
17767
902506
615787
484720
509297
314259
54846
533878
113556
484731
181634
279941
581892
1417
820624
296338
408130
918934
509336
483567
329116
935325
607647
763297
230819
460198
615848
58794
279979
460204
738733
935342
445024
394676
746933
869814
968124
812479
16143
58822
394695
266080
91596
984526
263636
206293
591319
239064
230874
214495
493136
796132
697830
460268
860095
493038
352509
591348
164094
580521
681464
181758
583169
58882
714245
583174
50698
787979
50700
542228
951829
919063
501273
829018
67102
157216
132642
681507
804388
99877
706086
532251
124459
853549
704776
910901
394807
779832
427577
517690
460383
696194
730687
75331
153357
886341
42573
239183
829008
378449
132690
321124
837210
75357
779871
280160
468577
755299
157284
9830
860433
394858
853607
509550
325224
714356
394869
417106
870007
722552
540948
603755
861831
485001
763531
419469
411279
329360
75409
75411
247451
42653
288417
362150
345770
843773
943796
829109
263863
909514
91833
635167
829116
206525
452286
67263
803104
943814
206540
837327
952017
722647
755418
943836
426963
616160
493281
354022
812778
468716
141038
861936
75505
306131
780020
919285
9976
575225
943869
304894
263938
173828
27606
141062
722695
935689
993037
411406
804624
686110
558874
868655
288540
763679
722720
875552
509734
558888
288553
698157
191453
919344
223025
272178
321333
550715
509758
932832
100162
845451
681797
599878
403271
853834
509772
108365
829263
86328
378706
755539
362324
395094
395095
952152
521871
501600
878439
378728
272234
198508
792210
942254
26482
427893
567159
796536
706425
927611
943998
247679
878464
804737
255875
812932
34693
993159
337801
460682
239500
247693
769005
1936
575378
133012
157593
673691
501660
975173
808603
149412
67494
460712
853930
905543
173996
38966
174000
282952
157620
436156
722878
485311
247745
812995
223174
493516
141261
321491
267939
976857
804829
124895
960482
378852
804837
577873
42986
718503
968684
149489
559091
59382
591863
190457
976890
699391
370684
354303
190465
976900
198662
436234
236546
894991
667992
944151
772120
919577
985116
895010
182309
174118
567339
739372
976951
239673
51261
976963
444486
534599
690249
542391
919630
334861
804944
338001
968787
477268
354394
878694
403560
296636
945263
884042
174191
67697
141427
83646
362614
34936
307498
379004
239748
10373
10374
206987
780433
919698
369006
632982
657559
680303
264349
395422
272543
26786
567465
256170
583852
280750
477360
927922
993460
68638
739510
772281
460986
673979
518337
477378
518341
280268
428238
346319
288977
190674
968919
18649
493786
493787
739549
84194
920650
723177
112735
395501
526574
968309
469233
297202
887027
608500
35063
706808
493817
665850
429098
59646
362751
788740
256261
944390
985351
592138
468695
92428
506925
382680
583954
223507
878868
420123
407069
903453
665886
823608
952608
354593
269314
149795
198949
624934
231719
493866
80946
477487
56863
518450
674099
545161
874892
256318
477503
616769
76098
813380
166213
715079
567625
780619
466810
641358
584015
174418
797012
133462
273465
338268
502109
223582
459152
149859
469348
977253
694843
788846
665967
125296
952692
838006
313724
318242
936322
436611
180630
477574
797063
592265
248204
715149
907885
903571
51607
51608
862620
86426
641438
67312
959277
158115
977317
461223
551337
31725
731565
649647
149936
616883
989192
321977
616890
838075
43453
780734
643602
494018
723397
838086
747985
133588
731605
993755
625116
747999
27104
584161
584168
854505
592364
256493
748014
265502
22270
584183
928249
526842
158203
182782
937093
494082
272902
469511
969225
281098
862731
379405
207374
158225
346644
182807
789016
641561
92700
43550
346658
368781
338476
305709
756272
428596
229812
469569
289349
97377
27211
207438
210701
387664
232017
403806
76374
395863
846429
736357
248416
411408
174690
543331
944741
93653
27243
346732
313965
535151
551537
281203
51829
150135
764536
96020
510593
964374
744513
567946
326209
101007
608912
68247
306287
728176
92834
27300
293059
27303
29824
346796
699055
764595
390942
576190
461504
371393
125634
879299
240327
977608
494287
756433
450456
510675
813781
559830
953047
264922
707295
486112
928485
164305
117480
264939
346863
609009
494322
902953
278996
543483
871166
363265
756483
415791
830213
101128
923436
76554
830219
614673
60173
60174
461584
690963
797461
344537
920344
953113
961307
2844
551709
51998
564357
821040
920357
305960
715562
936749
936753
759249
166713
265021
573920
2883
625476
314186
707403
731989
543574
682839
352740
953180
174941
125790
813921
535396
920422
76651
928620
715629
901039
871279
682865
420723
818445
830325
568182
633719
404344
101246
617344
158595
93062
363411
871321
732058
674716
650142
232351
934384
117667
149318
688625
715689
756650
11421
650167
306113
699330
297923
740292
130763
60361
93132
362317
396240
781266
707539
117716
568278
306135
469977
248797
576480
576481
945122
459259
68580
486374
363495
11240
945133
494574
273392
846833
78663
658421
740343
822265
93179
773118
887807
232448
977923
863236
363526
797706
666797
101396
363543
584729
289818
797723
254634
183326
142367
732192
224290
437288
19498
461869
363567
904242
674868
797753
199745
855106
961605
183368
191561
601162
931076
486482
109652
945237
224342
142424
5988
797787
322655
126048
453736
973002
986218
986219
568429
158831
289906
822387
415281
961654
904311
191612
945277
167038
183424
699523
322693
224391
633992
46957
634006
232603
978076
298141
322719
580806
44198
421031
216232
191657
117933
281774
584904
732338
27827
576698
765115
765116
650436
838853
11464
462028
44237
543951
994512
44241
101586
740563
740565
568534
666839
928985
249039
404702
52432
937186
460667
888041
109778
11502
748785
740595
175348
118010
868906
355582
838869
568576
229931
920836
888069
584967
93448
380169
118027
44301
781584
732433
404755
265494
27928
249116
781598
145232
453921
412967
380200
601386
683307
183597
396592
735112
789811
625974
462135
232762
322878
404804
748869
879841
833204
579838
486735
642384
453970
240981
470359
241739
7396
34703
736081
462177
945507
453991
382866
724337
77171
115262
494968
879993
101754
839037
19838
732543
429442
371372
109956
601481
748941
52461
953748
109975
138708
658845
331166
613616
544162
49734
118183
588781
880049
896435
503221
945590
257466
681887
486844
118206
786549
601537
814530
377419
699846
732615
740808
716233
273869
454095
699858
904659
118228
168526
945622
781784
986585
978394
156239
822749
740831
568800
987728
120742
953833
380396
259149
101870
52719
661416
503283
585205
675318
511482
543999
249340
116650
699902
285952
658948
740869
593414
93704
388617
175630
167441
77331
970263
962072
847386
929307
945694
257571
966868
740902
486958
167473
724530
568884
986677
175670
716345
668255
921149
394292
819808
101954
986691
486981
462406
320097
240912
503372
871693
899000
36434
698708
994900
929365
994902
585303
601689
822544
904805
52838
634471
503402
904811
847469
872046
77429
388728
183930
519804
159357
126592
822989
609922
142983
249481
757387
765581
110223
700049
119406
167575
233112
126621
970399
627312
102051
904869
871665
732848
356018
110261
560823
896709
650953
765643
872141
278637
650961
11986
642771
167636
495319
842206
306905
61146
69340
15222
659168
724705
585442
863971
134884
118501
184039
970475
126702
257775
143089
364274
36595
642805
315130
134911
823044
544518
364295
937736
413450
290571
143116
724749
233230
745231
954132
225045
110361
405274
274203
429852
323357
970526
68912
667426
28771
725638
61222
225065
929578
238215
952285
405301
978742
642871
405304
307001
610106
536380
66186
28479
470848
126787
692039
544586
208716
823117
585552
364369
560979
724820
922134
749191
387044
655
540591
454495
429920
44897
249700
257894
593768
184170
831340
537234
175985
907679
268265
651128
700281
126842
356220
36733
552831
348036
634757
61320
641004
585612
749453
479120
374766
946072
823194
817135
508570
77730
241572
569258
896327
937901
651182
774813
413617
855991
307128
85945
630090
427857
815039
397984
135106
109520
307142
109793
733132
102351
307152
864209
36818
28628
683990
4056
585690
200667
75770
946144
364516
667621
446438
716776
45033
560466
266223
618480
667634
659448
593913
487418
12283
626685
282622
56661
659458
675847
741385
110602
712023
852653
542974
610322
700439
715100
651289
151578
954395
28706
872484
823334
479275
94253
872495
536624
251912
438322
905270
20536
179629
94269
774208
189995
372803
471111
921672
890892
962634
307275
733262
561231
151632
110676
299099
356447
124801
544865
446562
782435
979045
45159
277863
36972
443957
938094
395129
908648
856180
659574
577656
651385
905338
979067
618622
585855
626722
987268
168069
618630
618631
282760
659595
831630
962704
700561
627395
135317
730380
330481
618654
28831
217248
938146
766116
659624
968247
341120
356527
126986
954547
454837
774327
512187
954556
12477
954559
266432
118979
872644
856264
823497
266442
479435
938189
151758
864464
250069
61658
216442
635103
708832
651490
422117
938215
397546
192749
930031
725235
831733
626935
676090
176382
159999
250113
372996
29398
725256
83071
602381
110862
758032
438547
258326
217369
677935
766237
463135
4384
815393
534527
102696
45354
37163
479534
211280
802185
69944
913726
593402
209632
225603
522294
356679
299336
504139
110924
904589
659793
151890
356691
373078
946520
299355
438620
856413
160095
242017
512354
151907
389477
69994
635243
176500
315767
675220
293390
45436
864637
332160
553345
291203
823684
885874
802878
381321
618890
69015
536972
530498
184718
733583
108611
258457
586138
422299
618910
922019
373163
717233
421278
840120
274873
408991
61885
74485
561601
528835
537028
266998
864710
127431
242121
594379
807372
987599
432512
823764
993358
303
954842
848348
635357
692703
242148
12774
895057
78313
438768
100435
810409
77896
979451
512510
446978
578051
201227
864781
692751
291346
209427
717332
397846
455428
594458
889375
124816
594468
881190
421297
602666
86572
761218
414260
340536
668217
217659
627263
545347
421302
884874
938764
163255
668237
102990
152333
168528
315985
823890
993630
586328
194660
209498
963163
815710
111199
897633
994176
119396
946790
184935
258664
987757
897646
654835
94832
559208
447090
832115
889462
724415
152188
201345
848514
389766
93633
406154
660107
774797
127630
963218
668308
914077
307872
493895
144038
373417
880071
365229
610992
290248
357043
398005
365238
683465
275131
389823
283328
373441
520898
537283
602821
717515
561876
703950
455382
537303
791257
209626
529116
193246
512736
135908
67518
742119
135913
758506
85458
865008
127730
548307
299766
955129
938746
882815
865020
209662
168703
291584
111361
897794
987907
103172
196054
283398
504587
78604
422669
627471
455440
912856
987922
348947
176916
906005
201476
430872
75908
70426
529179
13085
829886
807711
217889
29477
856871
946986
799531
414514
979759
267194
463666
996155
535636
332611
512838
873287
430921
373579
832334
562004
799575
589375
365408
915600
668514
922469
177000
201577
37740
570229
421353
971642
504699
971645
258942
160639
496512
660288
952638
105963
988036
338070
750471
144264
134636
86924
525122
996238
291727
119696
480145
480147
643991
873368
78747
431004
373663
365472
409072
865187
37797
37798
168873
324522
29511
70572
537523
995824
480183
160696
750521
469871
608415
381885
930751
529350
381896
840649
5066
492541
873420
324565
660438
537560
963549
906208
511483
578532
570343
113947
267241
185326
142845
95222
226299
373757
95232
881665
635906
807939
324617
5130
398347
603149
537614
119826
693267
693269
552452
701467
578589
611359
209957
136232
37929
472106
904173
291885
122924
939058
406580
676918
586808
996409
660539
54335
422981
406601
119882
955468
799821
414799
554068
709719
210008
5209
537690
963677
119902
103269
685154
390244
619621
939110
488551
789061
947311
668784
283761
210040
341115
672618
808064
791681
398469
136327
160907
673986
488590
382095
660625
938727
512188
619668
881813
103576
13465
578715
19994
955550
38047
13472
119969
504998
603303
717993
283820
808110
505007
824497
980146
431284
21685
243913
603322
963771
234684
406717
775358
5311
242880
939201
103618
62644
718020
824517
906438
492004
791759
603345
210131
452814
215247
6473
701664
251106
644323
799973
38119
529640
488186
660714
179751
677101
742638
177391
611568
554228
832759
423160
21753
537850
242559
980220
890109
945330
922880
496897
324866
759044
361345
750857
709899
701711
840978
546068
863790
759063
333082
5406
406819
169252
717871
242995
955705
316730
423228
898366
914751
677184
716342
881990
988489
914763
365902
668557
698232
742740
398678
38234
62812
169321
587114
693613
839229
937802
393535
226678
521592
828308
128379
841091
560705
832905
202122
890255
144784
234897
380483
109024
213913
5528
48708
44609
54684
716357
628976
759202
152995
431524
816549
177576
931241
62890
58560
972205
283230
742832
701874
260339
95672
920826
340895
824765
169407
177600
499275
976474
321796
652743
529864
734667
996817
422819
513499
832990
401995
407011
726501
767463
415208
677354
30188
544338
775664
725364
136691
992297
480169
841208
570873
480762
382460
888405
644615
120328
857613
939536
87570
882947
808470
874009
54810
120348
226845
105931
259617
488994
759331
71204
685607
13865
128554
579116
816687
103985
489010
971699
671326
529974
685625
726588
513597
325182
194112
415297
677445
601697
169545
308810
299959
693839
939605
841302
824919
324256
562106
448095
865888
923234
374371
54888
38506
323175
562796
54896
123489
317050
734844
185983
964224
726657
847467
202373
253334
320449
709972
46733
833167
210577
906898
939674
669339
759452
280613
439967
857763
505508
431781
333479
734891
807880
620211
230149
87738
587451
841405
212262
546496
674080
112322
164811
128708
890565
194246
349901
382671
661201
677590
472792
956123
161504
153316
796966
767719
167548
628459
284396
382702
355965
579880
147498
194295
505594
316301
325374
136963
433815
186117
956166
194313
295895
202508
128781
620304
99288
333586
751380
890646
708178
833839
653085
702238
775969
677667
186148
898854
743211
382764
870706
127965
120627
120628
908937
441726
137024
792385
14110
350019
538438
227143
866120
194381
513870
69261
169808
481106
200421
778720
669526
276311
30552
239930
63326
603999
268129
923491
808804
130705
726890
54247
931692
284525
186685
250614
117054
96118
517097
145273
808829
939902
735105
328683
849798
489352
825226
546699
14222
492525
972690
502939
930798
456598
30616
784281
613088
510277
292771
391077
825254
71591
669608
284587
38828
677805
47022
391088
751539
548222
166217
481208
227257
325562
997163
219072
47043
259073
300999
800712
735564
484343
776141
718800
104401
661460
63446
6107
251869
808929
22499
948200
710633
907242
235502
284655
456689
776181
800759
989176
931833
767997
333823
599040
997381
481287
751624
956426
981004
996354
70659
514068
768024
636954
972830
66565
546849
743458
784731
21210
497705
205831
472938
612399
776243
399413
718902
186427
211005
874562
342084
953309
24247
602238
350286
178255
997456
440403
907348
907351
235608
882778
686171
702559
292960
620641
833634
6244
514149
120937
333932
759917
295086
186481
399478
817272
555131
79998
312341
596096
252035
694405
577144
899215
612496
784529
972947
571540
718997
563350
800920
743578
325790
39072
977264
932002
817319
735402
161963
153774
121008
80544
506036
145589
153782
113012
751802
710843
678078
366784
907457
309443
694468
612550
555207
47304
506057
891082
511997
268495
760016
399570
818894
461214
194775
235739
202972
276702
161583
612580
22853
16081
256380
968863
782034
844747
588015
923888
741075
678134
284919
579832
964857
956668
914474
858366
309503
768257
350467
850182
735496
697388
940298
923916
177197
907536
801042
907651
128047
538909
620840
929500
694572
907567
981296
507863
223625
966014
358717
694590
301375
360382
522565
388833
252232
989513
964940
515053
678224
238311
110307
80219
596319
596320
47504
948582
661866
735960
844861
502163
817524
1087
399742
522623
915840
432513
186755
153988
585336
833932
457104
915858
588179
973205
952321
489880
421615
260511
694691
235940
96679
850344
514473
522668
440751
874929
129458
563637
242450
268703
235966
80320
907717
661958
162250
72140
227791
145875
113108
154072
784857
956890
291919
249594
96734
915935
424416
514529
793058
157984
358888
661993
432619
219628
604653
827133
260592
252401
399859
129524
743926
47607
424441
285178
80384
457217
14853
301576
813932
332471
465422
924175
473616
195089
866838
55833
142342
694703
121378
386139
129572
88614
683543
353749
522797
956975
945928
129590
948795
208650
383413
924224
339348
121410
662084
571976
244302
989777
686675
924245
490071
907864
80473
946507
636715
525413
573200
711271
801387
997997
395709
367216
875124
10686
309883
547454
260736
137664
277124
776837
850566
776840
924306
694931
899732
957077
867106
842392
359066
55964
925466
105118
23199
965280
473763
580038
613030
604845
588465
293555
113333
359095
252602
817851
608260
39617
850628
375494
522955
88780
888610
907983
473808
457425
981715
187092
853113
776920
875226
703195
628587
33434
531168
260835
826084
219880
350955
244463
408305
776948
842485
711415
367352
998137
523003
973564
103552
318213
342792
769836
629517
158477
866776
817939
563988
72469
310039
519983
596768
269090
686885
187174
711465
416558
416559
212047
924466
47923
375604
661982
329729
47928
498490
326463
416576
625120
473922
56131
416580
686922
20964
637776
793425
579350
924501
949080
858970
489797
883550
637794
113126
410036
667452
801642
167741
244593
752498
144531
678774
342905
727931
998268
351102
588672
699645
523142
981897
834443
31629
940942
473999
836586
605075
351124
129941
783513
187288
891806
613282
80803
97188
572326
555943
826281
665141
72620
629678
564143
302000
859061
97206
523191
857046
716618
39871
269250
777155
469968
506821
138183
801736
990157
433103
261072
703442
900942
162775
80861
521495
919072
64480
64482
179173
596966
900071
646120
670697
580588
826349
982003
261108
616958
605174
826359
556025
285691
474110
678912
539136
662530
541867
818180
169132
678922
666101
760845
261135
982036
818205
646174
326149
23584
550064
465955
316122
850989
605231
154673
433202
130099
162868
539702
481801
38068
539706
678977
72773
179270
605255
957512
728140
173458
752141
597072
949329
162901
607640
310365
769893
72800
777313
154725
439484
72814
793712
81768
728179
621684
469974
539772
646270
752768
384129
307396
760965
703623
810120
996546
728206
520045
383230
113811
195732
267210
818326
887321
115085
918724
498843
690494
723936
556198
236712
504619
523438
122036
642993
572604
849144
646336
761027
318660
843638
351430
662728
851147
195792
802002
719395
441557
548054
679128
638173
56543
761582
719028
752868
163052
539888
128211
793845
990460
187645
490750
171264
924937
572682
761099
154893
744725
605462
875799
559452
577412
277039
572705
357595
441636
794502
507174
466216
384300
621871
744753
458035
782825
767586
48440
89404
425867
670262
402058
73032
441674
64845
15698
933205
720215
613720
171356
183560
9445
376160
253282
285243
367972
810341
671079
138600
23913
621931
728428
130417
662898
53989
466293
746584
678361
716578
163197
949630
304131
97666
630150
720263
97673
23946
253847
777613
343440
982936
900502
261527
204185
832751
957852
892317
572831
302498
834985
851371
728493
757661
285256
302514
56755
679350
310711
537844
294330
73631
900540
982461
515523
7620
302535
576916
320759
359886
449999
736720
40401
687571
966100
949717
581078
499160
540122
925150
826847
962904
125520
24035
548324
941542
302567
851435
564717
138736
220657
750407
523763
97781
892410
799999
97791
458240
433667
346710
409094
917002
920151
179724
313858
810510
761359
974352
476419
441877
572952
955652
933807
40476
277082
828677
949792
900642
810533
433702
736807
597547
482867
89652
278071
966201
654906
572987
130386
900669
245311
794177
106052
900678
761417
384587
482894
304397
548432
200632
24148
745045
757891
933467
974365
187998
622175
679520
327266
147046
228969
687723
147052
163438
389053
786036
269941
827000
695931
966269
835199
474753
147075
820502
313964
482955
409229
900750
469613
65169
687762
286355
589293
237206
540311
573082
507548
155294
827039
513951
687779
882167
622248
97963
753326
714406
687799
622265
407799
941760
40361
614082
958150
278217
843467
152475
343757
40654
605904
466641
679634
810710
98008
540380
997283
605921
483044
65256
351979
638701
138990
504742
122609
138994
474867
802549
179960
278266
267318
696061
311038
98047
802561
638724
139013
126017
196360
212746
565003
646927
302864
982804
384790
89882
958235
876317
139038
286683
581412
664218
155432
810793
722048
286508
728877
171823
783667
745269
915724
810810
442171
818068
515907
712517
900936
24393
626848
57164
12983
499536
581188
311124
606037
876374
992377
138295
180059
671581
614238
524128
434017
941922
98147
614244
515941
474982
122728
424990
66281
810860
802674
858771
851828
581493
417654
614266
804159
565116
360319
835458
165195
8070
1345
253833
384907
264595
155534
69613
524557
548757
294807
24472
620248
728987
833017
964010
655265
556964
24485
827302
622507
990605
450479
221107
982964
761781
458679
843705
589757
139198
225316
114624
645792
188109
365899
589765
221128
589770
860109
991183
434130
606163
165198
511993
221144
73689
947535
499678
614367
513921
233467
401383
301151
483311
401392
598008
827385
150030
262141
794622
415445
108995
609650
