87552
255489
911874
799235
997892
290309
74248
423084
925194
481803
775180
725005
7183
883217
691730
290837
331798
6745
221720
649732
365082
548379
995869
622624
13857
22051
559653
212518
43047
851497
576555
837677
133167
370225
198194
595651
922166
841783
194615
53818
109115
222269
46005
221195
438341
724038
985159
743499
949208
752207
698960
89169
833618
486484
245333
3159
889944
662617
626482
120412
54367
504928
944739
275556
746086
100454
555624
766057
198762
599399
121964
998700
299119
824944
50289
467058
379155
338036
311925
161913
161402
947647
610428
846461
671872
6786
708229
29318
599687
861320
409452
59900
393357
819224
671891
173205
929431
658588
811290
622750
51909
94880
374433
432293
834417
286888
655644
680618
287404
862381
674479
299696
783537
931506
766131
444589
972472
840377
20666
131771
575492
930933
332480
365249
23235
867525
395809
265416
947913
18635
250573
117456
842963
927444
717418
27352
687321
98522
323459
236765
282848
883938
557862
403686
492265
530667
641261
188142
127215
69872
77969
7926
669433
763525
681211
917290
213247
141570
278571
413957
465159
183225
873737
499196
118030
147217
813842
22803
752405
100018
839448
90393
72474
526107
763164
657693
645919
229152
214305
36131
296228
331654
695078
924967
303912
731945
321834
929579
73004
540973
443185
444722
872755
332084
815023
16694
302904
429876
112442
39227
312638
314176
969974
797746
649541
139590
698849
25175
699698
883873
22686
273231
417104
395089
493394
659257
999771
759644
36189
677177
840033
498530
833254
900455
901992
912746
527211
69484
791406
655216
405873
411283
168766
6518
269175
584569
920443
533899
857833
902685
9601
554731
760708
4486
586631
608624
365449
464779
426860
902497
849267
352145
356245
382659
931685
315290
460700
893853
385438
628127
574192
310690
120227
945576
659100
177579
865710
538031
2481
437235
303540
254901
318902
323000
242676
322490
362399
140221
534462
228085
159168
53408
802754
10315
255538
607686
732833
912840
153033
704899
199051
506364
985041
479699
769910
566230
462774
194520
853465
517083
478749
860837
2181
633027
127972
317925
308198
806908
957095
876012
714221
992750
925168
284072
529624
556019
846836
241653
42921
847865
28668
562685
53302
877873
201279
180655
411494
918156
