69632
438274
94214
431539
704520
559114
249867
735244
356354
389135
606224
794968
50397
4115
417812
829465
55322
360478
217119
567328
428065
61403
321571
12324
251941
350246
165927
460461
118825
378923
376032
718894
708657
225729
956468
340021
667705
872506
272735
292925
426048
688194
780355
219204
458821
591942
755724
835659
849998
948303
522321
739411
446551
88153
987227
348252
962656
286820
329829
553065
786538
514155
780396
665712
995441
221300
581749
120950
351593
565368
811129
266362
116860
483457
84099
997509
385158
913545
385162
588823
290956
805570
198799
747670
66291
514205
833694
603845
387234
653475
280740
508069
800934
981160
395435
380128
565422
82098
741555
915639
188600
169332
728803
906983
84158
308796
880833
147650
785782
354503
977096
871760
4300
817357
235728
788515
55508
582350
993494
15737
270372
893148
494970
929829
76000
510177
739554
379259
444454
609881
784764
499948
305115
592253
22769
387567
229619
329972
485621
798966
950519
481529
930042
710907
841980
817407
78080
850179
944391
712973
16654
407598
987209
149209
639258
774874
557325
411935
31008
497954
463139
153892
168326
878233
945884
450859
997677
708910
228061
758835
751924
383285
360761
200710
207165
391488
579907
758085
59718
157151
782665
479562
26198
893261
543058
401747
362836
391509
295255
688472
22875
469341
358751
24411
845227
512364
158063
897395
213364
117822
833914
856443
567676
618877
90494
779669
747164
618883
354630
833926
668044
645518
182677
235926
61849
418203
3482
842142
110661
663969
397723
45476
477606
983463
862636
43440
412083
672180
821662
190902
557495
2493
293310
657855
858560
186817
819651
104901
820641
108188
868810
180684
995792
694997
393683
405974
418263
618968
934362
351311
420318
954848
119888
197090
164327
508392
100841
541165
856558
260591
29169
492018
47603
725492
238069
616950
940540
623102
713216
821761
384427
193030
801291
331789
68111
127506
843523
614936
449284
674335
94753
555554
37979
469545
260650
588551
850476
174637
733743
381489
918067
528948
258615
242232
94777
31839
252476
741950
598591
406080
600160
288623
168516
248390
477771
528973
494159
686673
797268
741973
709206
850519
912698
342619
787557
567904
387681
645730
608867
848484
115814
911974
148072
451177
303722
793195
92781
795246
25200
986216
70259
629182
905846
21111
197242
926331
359036
127613
920190
584319
846466
814187
539414
396853
516743
123529
282554
411415
871052
463501
443022
241025
539282
835011
333703
494230
576151
84634
899740
686750
543391
938656
414369
264866
365219
158373
852646
854696
839628
964598
301741
205488
531912
783134
434870
916916
86713
246461
234174
148159
701120
826049
350914
511435
441028
586439
832201
559818
881355
17101
604878
669133
464560
436945
361173
420566
391895
796095
752345
590554
901434
352989
643806
84703
585893
490210
355044
943569
586472
582780
207594
39659
469800
514515
66292
273144
80633
328443
381693
240382
56064
613122
934659
670468
739457
760586
176599
877324
172815
676626
428090
176918
365336
37657
602907
520989
105246
953119
602759
492328
56105
74147
9004
705325
793390
434992
840840
305971
782814
286857
367670
193340
4234
90943
922432
768833
656197
660297
137226
744247
559948
809805
564054
779027
641882
172891
625503
609120
7012
71566
209768
830268
711537
457589
303991
809848
489279
654503
230273
157698
738179
936837
56198
816007
476240
916361
588683
637836
916365
638104
838546
379796
600558
113559
574361
903663
164764
850703
709542
233601
418730
70571
489970
883631
167752
707506
119731
918452
168885
183113
228852
332733
424894
725951
881600
826528
281419
967621
170954
406475
615375
617424
785362
131235
539604
500696
623577
939927
968719
682972
721061
527328
292183
510947
410597
542393
488426
998379
244716
654320
142321
668658
35828
23542
784147
764924
236541
596480
975874
451414
295425
218122
862039
254988
764941
859151
926739
773142
586775
576015
613406
728581
203809
255011
928804
981510
855079
74793
914475
673629
344969
922673
758834
433203
549940
543798
531512
87098
861243
326716
191550
343103
379968
719938
17475
988228
429127
762743
187465
293047
535628
584781
866953
234575
648272
3154
13398
963671
381567
759652
228443
459869
390238
66655
420960
27746
842852
961637
15462
951400
730219
926829
615536
857960
431220
281717
619638
138089
693369
709756
228544
951426
482386
945686
816262
586888
836745
417303
568460
222350
267411
13463
955544
619673
793754
89243
52762
539807
443552
796528
933028
849063
390312
389232
94407
287919
105648
287921
515955
883892
781493
54457
320698
809845
316608
48322
582851
611527
308424
761033
627575
421068
70862
242552
265429
273623
220376
720091
738525
361694
722143
212192
343265
142565
539259
814312
339177
370990
861420
605422
132989
689392
249073
409920
310515
783604
959009
515032
34048
791809
822530
677123
539908
150401
240172
369930
683223
127874
643805
797968
469891
242968
409476
159003
652572
845085
84947
107807
419108
600097
70950
306471
832391
519468
486006
686774
425264
828721
364277
896309
637833
953351
482617
775482
998715
789823
310592
323808
360331
683333
71982
514956
734921
425295
886096
395307
150867
783700
484693
132439
283330
179547
726366
943455
144736
583011
124912
7526
475025
139165
214377
220522
179564
584019
292206
408945
785778
234868
649790
202102
916
869754
333114
548225
521602
861571
904583
320748
130967
181645
822671
212371
550293
6724
193946
427907
880029
947614
273824
601505
540571
417009
325032
551836
484779
935340
902481
649064
212400
411058
646579
955828
622005
271674
114104
576953
318907
376788
640445
683455
370115
878350
632261
550342
935841
300488
693705
771513
97741
398798
651454
210385
339411
581077
460300
158287
707784
458205
621312
23100
48608
972637
271604
732070
487660
687697
574952
730289
878059
880110
13810
566688
839156
724469
30633
776788
35071
48637
751102
677375
972032
869890
855555
434774
966156
742926
249359
943636
292782
314902
828951
736360
91674
810526
667041
417314
611876
273957
15911
452188
282887
322482
464431
227144
734769
341099
475456
159285
377993
229463
161340
964157
368191
378948
294466
294468
403013
290401
151116
216655
15875
24145
91730
516707
720469
837206
802393
157274
424640
953949
613
825377
472673
648802
841316
456293
568934
730728
274026
20075
278125
367501
558696
910964
527989
822903
548473
601723
7804
664170
265855
222145
833588
465559
888498
187176
361752
949907
99988
231064
656098
282268
941725
102046
636576
138916
552613
167592
577479
177836
462509
634544
695834
325300
847544
941753
702138
124603
870076
196287
374731
369746
517829
52936
831177
274122
421444
540366
959775
657106
571091
460515
849624
437977
810334
709975
965243
828710
337639
196328
75497
575210
34293
78802
902781
539691
440330
50131
424430
624373
188150
624375
694228
830079
516713
378622
418917
651010
114435
227076
272133
530185
196362
267796
966415
387684
665362
675603
856366
118550
990999
671514
213933
724764
931614
907040
223009
159523
120612
196389
577318
608040
210731
792822
171827
44853
763703
433977
552762
677691
148597
886410
542527
802626
485187
827204
247621
657223
3912
309065
554827
59214
797326
986966
532311
579416
391028
710320
649053
638814
325471
282464
224811
976215
46947
141156
862055
638824
892779
647485
638832
565105
41407
841461
198516
528246
724855
431997
173233
276353
982915
984964
462643
61318
458049
767410
452491
83854
309878
989073
159635
178068
29184
640665
436122
556955
51866
105427
210847
903072
967664
280360
317348
387398
116117
848881
210588
30634
577452
912370
948142
360367
421809
590094
450484
155347
282953
538552
348089
233402
370620
961897
26272
157635
206788
53238
660129
569288
997321
87493
250155
106444
659407
939984
565202
171987
2004
348117
475663
909273
266202
939343
807226
262109
46757
120800
792545
896999
767976
227305
198635
839661
950254
339952
419825
225266
92147
40427
810324
69150
890879
494250
176126
483327
50599
504991
290374
835686
678413
