176128
272386
333830
489479
38922
931160
217114
597338
964639
450907
217124
792614
489514
649260
899122
761923
186442
507988
604246
522327
835672
854835
970850
971111
993388
129133
15037
993392
376945
764947
802933
92283
800892
442493
555137
30850
557188
440455
749708
432269
303247
401552
174227
297109
176281
475292
131231
800928
8363
745644
393928
714932
794805
426174
59083
983237
682185
569550
786640
288983
262360
547037
721120
293244
26859
919790
458995
788077
297217
20740
494636
887054
483619
590119
297261
467247
71986
647475
256319
209216
989506
710979
817489
465236
962905
110939
799068
620893
6503
661872
858483
692604
362883
727433
555404
201101
725390
12693
430497
637349
471464
496043
207282
506291
139706
668095
743841
747979
57804
674254
152015
92629
917981
702942
434659
823783
727541
868861
53773
510484
584213
940569
743973
989736
739882
299565
289330
344632
213562
737857
590407
295499
790475
199249
520789
565847
45656
473704
682602
326418
547438
547441
594546
366355
594556
705150
985728
68225
875627
907908
737926
512647
559753
76427
416400
782995
576150
699038
604835
922276
211624
358855
86700
394354
361134
889522
359101
527043
707272
561870
133839
131793
883410
645849
502907
539364
285444
781062
584456
389897
629522
228122
465692
514845
664352
523047
633640
135980
494387
447966
506679
25401
142146
465740
82765
420689
301906
230227
2902
4921
559961
89573
37728
770920
156521
598890
652142
43890
381813
779130
695165
779135
25472
998273
510865
560034
889763
643228
474026
48627
256949
521143
978079
279484
594878
467906
758572
183242
482807
809940
510938
271328
732131
834533
711660
134133
926403
3066
537596
515069
723970
369494
717832
491692
822284
869389
543758
971791
252947
576535
17439
990252
586802
584759
96436
840765
759989
975936
291908
175197
801887
46177
502883
949355
756844
947313
183410
873589
781430
281723
136384
3208
54409
892048
670865
230549
242838
313541
507040
732326
165036
625864
971962
677749
257216
91331
494788
191688
570572
576719
720082
361684
480469
373981
261342
615657
21714
341230
817704
662777
871674
531707
114270
883967
3333
351499
933762
154895
44308
419093
617757
552223
578850
548131
937265
959797
900408
886077
636223
668995
482628
628038
73038
313229
576849
511316
849240
337242
134493
40287
871776
585060
691557
408936
120181
847223
556408
288122
546173
132483
662918
333199
757315
837012
884120
124316
781726
163234
462247
320936
574896
830899
331678
204214
507321
560573
499136
612256
685985
826827
835027
378328
435791
3549
830942
245216
163300
24037
44519
97778
423411
904695
628219
372058
105982
306687
830980
734731
142861
209496
89622
294432
390692
271918
351792
411189
638521
548413
638219
962120
448073
738893
24143
736848
814680
548441
935515
751198
939616
888417
304738
228963
378470
9837
257648
290417
853268
46717
190079
93830
589447
485004
847501
974445
282260
312982
906906
28315
370332
204451
661159
444072
26282
306863
605875
532150
173755
753340
876223
753345
155331
499397
48841
968395
513743
906873
270040
28379
42716
83687
249584
93940
790266
499459
669445
36614
671501
347918
565007
896784
710419
427798
544541
749342
939812
316721
337714
728884
96054
350008
444218
788286
892738
293515
167760
624467
874325
293099
48986
845660
356197
911207
540531
7514
200565
716663
341652
569213
679810
335747
296836
418114
429967
106819
260981
266140
106398
235424
714657
321448
42931
51125
264120
610235
868285
387007
327623
591819
94164
116697
32745
923627
536557
572638
14325
