50260
540675
81924
59397
235527
501238
489482
557071
359768
389138
626708
632174
761879
997400
229406
44328
911392
323227
348197
188455
170024
120156
785374
759851
757804
84013
155351
575536
303153
956466
796724
579637
931705
86072
661561
71738
23903
778933
440273
624711
41032
510026
197986
548946
733539
870484
198741
462732
914105
456792
14185
272372
809054
161888
938081
725090
551832
628836
66918
149606
348264
432235
958572
802926
968815
118896
82033
739444
727157
108844
608376
682004
587759
172157
174207
213121
661636
319621
262279
73865
129164
635023
706704
727064
309394
295059
387221
82071
788632
610459
839839
182432
950433
342181
764071
491689
780462
49327
252081
96435
536756
69662
104630
184504
354491
790717
180414
565439
431813
665796
55495
35016
313036
424138
872223
123597
501381
790737
434754
20693
529546
317655
688347
555231
57568
602337
305380
639697
375016
151785
739562
995564
747757
16622
631023
690420
26869
18679
217337
495523
22779
276733
256
468352
690434
508163
890507
831749
610566
457089
540936
360714
725719
600332
942677
368916
631061
681558
522519
691588
143642
153884
835533
643359
921888
760097
335921
604457
276779
457004
799021
96558
737362
781704
759179
468571
998793
713017
74043
633149
969022
885055
336195
694596
874362
434505
440650
72011
966988
350542
188813
232504
45394
143704
731482
307550
254303
663906
399715
37224
682346
362860
811373
323953
584052
176503
182648
573817
65412
530811
375165
834172
22911
326017
575875
530820
82309
67974
267329
51592
704905
303498
972183
788876
817549
60980
174483
250262
535961
348571
145820
811421
397728
717218
950695
496041
223050
151282
850351
854449
367027
272820
455093
168374
393658
545212
567742
190911
623391
416193
311751
31177
461258
723405
113102
448975
571856
528850
541140
322005
995058
387547
481756
938461
784862
907744
727521
725476
659941
176614
281064
910076
668071
405997
651759
520688
850417
575987
74229
41462
174583
119288
235604
997884
930302
644864
465411
188934
639495
567817
795147
950797
422414
527
481808
596498
690707
31256
258586
569775
924188
867608
372707
335280
832036
14886
375336
746025
342570
496171
94764
836142
289329
734643
521661
637497
561722
418363
182845
706997
159324
926273
961090
295491
43588
326213
717383
399041
799500
552903
438370
270926
936528
926289
121426
465491
2644
674389
547415
795225
975631
983644
499130
531040
76385
100963
698470
677738
692841
363116
424557
621167
830064
371313
131700
762302
53879
83732
588412
117373
287360
798827
754308
991877
144008
795273
682634
729740
379865
271467
963220
863842
522009
266905
645788
368756
332450
983716
559781
793254
683
752302
758447
144048
286636
285365
373431
664248
359097
23327
719548
778942
402112
531142
173104
228042
871543
508621
43726
215760
68305
355107
660183
111320
843556
422620
158431
33506
84708
219877
750312
940610
342765
563951
94046
123634
430835
230132
924405
498473
680697
662266
786559
862972
984852
194257
217856
803585
914178
300843
624086
563975
121608
66315
846604
295693
363278
105231
301840
690962
971907
559895
652056
484121
699162
274414
330525
446597
363298
955171
321228
881448
21289
121642
647979
846637
10717
701232
222003
197430
643453
72506
110047
342844
414525
911337
54079
654147
441156
332615
72521
318282
217934
396112
297809
620003
314196
295765
193366
545252
840538
303963
523100
779101
312158
414559
650080
201570
238435
145831
422758
428903
199528
334697
351082
314220
320366
480111
19313
741151
510837
189305
277370
322367
390014
426879
217985
369538
256899
193414
232327
216471
738185
939493
670604
482189
920462
555501
872600
937311
222103
48024
119706
484251
510878
758687
785312
243184
676770
459683
570276
635813
789414
625575
39848
484265
2986
193451
19375
211890
297459
978228
787382
39863
877496
428987
691133
340926
760768
184160
947138
873412
904133
969810
532983
95180
535504
997880
476114
603091
205781
879574
836567
340953
508891
252892
467934
920543
562144
242657
767825
576488
928252
103403
217534
949229
3058
869364
306166
385193
467962
183291
650236
361469
371712
441345
424962
570371
431109
269318
562183
523273
996373
834586
218141
777250
343075
35876
524806
689190
727478
865321
209962
435719
543788
766418
760881
498739
953182
871945
240696
955449
341050
592955
717884
618677
453697
470082
532472
515146
388171
177229
371213
203856
436408
250962
285779
959572
472151
696596
298802
42077
134241
268475
524134
909767
558183
855145
218219
207980
930927
863344
185458
621683
359540
396405
228471
648313
281722
677357
707708
115562
510687
431637
480384
269441
501133
158851
320644
720817
203744
773257
595082
5259
244877
345965
5264
140435
652436
138094
394390
205975
911269
817007
432263
457885
836767
578720
25762
840868
201893
105638
885927
852508
320683
541870
431279
515248
658596
834741
5303
463634
203963
177340
738496
452413
289987
74949
507075
578760
624162
414928
667512
347346
19668
695408
638166
875735
828632
763099
343260
459997
742624
527585
144610
113893
578790
444625
812264
140522
566507
373996
46317
378094
146671
729640
808185
523516
161322
821092
816385
171266
332769
915556
582870
808198
220425
574731
941325
497871
290063
38160
402705
183570
340867
179476
853550
761110
85271
570648
214297
308507
470301
537886
953631
550177
851807
41862
646311
28209
849192
294187
777516
165165
587055
863536
702344
920883
671028
134453
937272
484665
551135
683050
50494
138559
132416
26223
335170
159045
501063
261004
656716
732493
278897
503121
746834
458067
402772
126293
422457
320856
259736
93532
447839
428152
487312
421218
74299
103782
189799
824122
408940
957805
107886
931184
908659
249204
34165
938217
191267
187771
327522
222590
243072
519556
382343
294280
23945
292234
462219
89495
691597
685454
605583
742800
195985
28053
603543
575604
873881
174492
906187
871836
828829
229185
869791
231231
457
710555
347556
726598
501158
513265
235420
644224
714155
459149
959920
394673
370098
587187
23917
738746
675259
974269
695743
510084
906827
810436
221089
692600
581067
165325
48590
539886
290631
133027
218580
119374
835030
489721
533977
396763
472541
970951
660959
110048
230882
181731
95716
329189
19944
992746
366059
318956
187885
142832
939385
469587
112116
177653
572918
748457
830036
431612
63541
126462
74325
431617
673285
48385
257544
591369
140811
437774
650769
228882
177685
396822
663064
697881
16828
460317
585248
878495
874018
202275
783908
530694
89638
851495
241192
833065
812586
77357
560686
815684
747057
797619
431668
920762
611896
310841
392765
314942
609855
675940
284227
538180
550470
236129
648662
709160
331339
742988
103912
511567
99921
704082
515667
845398
235095
361827
872027
704092
280158
370271
855648
308496
325211
289723
577092
663143
356284
48746
167531
404754
892527
201300
317028
265842
658279
42614
306452
30330
24188
735709
986750
283584
212610
968323
847492
843397
663174
204423
159368
373356
697994
951947
146829
923278
392813
652944
630417
837407
75053
366228
874135
835224
902809
65178
227794
284317
413342
366533
925344
39337
261723
289677
151204
198310
639601
438556
941738
630653
459968
456365
284334
366258
795218
753334
229047
314780
334111
257724
290762
352885
1728
224961
757442
538307
786117
724678
554696
722634
765644
425933
741072
106193
917202
544469
624343
663256
825049
16091
312954
16094
177887
431841
870114
607972
149457
654605
206569
974091
724716
919277
179951
734504
868082
73460
331390
212727
648954
892667
499452
702205
960255
667392
464642
221483
327430
114441
886539
740651
595725
208654
699693
771859
990996
636693
100035
251671
499480
534253
286118
574745
876318
63109
853792
251184
145188
587557
196055
805169
773930
722730
730927
581424
726833
386866
800563
76077
230366
997175
493368
660788
915258
123991
563005
327486
380213
16193
325443
229550
124183
374599
982858
116556
856034
153422
685360
442193
24402
276451
583509
765783
395097
378511
53085
659294
83807
757600
415586
931054
462692
106342
179815
479070
73577
556906
687475
188268
276333
499566
35133
53104
267240
321396
612213
135030
536439
122744
349844
169850
714619
65289
745341
317310
958337
788354
325508
714630
608136
706540
544650
444299
142593
688013
180205
894864
235160
467267
949484
906930
952217
952303
925171
184941
783685
544673
44963
518053
872362
81559
77742
964061
874417
897257
673717
916809
780216
413625
550844
454986
462783
864192
896964
866245
352199
145354
921549
8143
955078
329681
268242
726691
751573
141941
757719
376792
758436
905178
522575
624604
161757
117413
16352
180100
731106
933859
466916
834214
233228
179537
606184
499689
315067
690156
237549
400851
356335
295832
550899
528372
623672
752490
14328
141306
731466
980991
937306
932334
591603
865868
749576
940985
372893
750732
79174
583286
539385
