212992
303104
212998
983052
401423
65554
229395
696346
434203
841050
401446
548904
589869
73774
958513
745525
270391
729144
81979
729148
966720
427360
49103
122952
778316
73805
16463
434257
335954
450643
557142
98392
835681
229480
172140
229394
843888
811121
811122
966775
761976
966781
368777
606346
475277
852111
376976
741400
974994
968046
573597
286886
360621
368818
647348
786617
417980
164031
647361
196809
893131
377041
712914
835799
8408
409819
205022
393439
262368
442596
975077
49382
845180
450800
999665
475384
401657
983305
549137
409875
483608
74017
745762
871131
696613
131121
606507
450860
41261
521608
958771
999733
237888
950594
409924
835912
794679
803148
516429
344411
467292
942433
65893
287078
549223
672104
778300
262509
770416
557437
655749
936684
57739
803213
226712
106900
901528
680347
123295
958884
680359
778667
329117
188848
721332
975289
491963
876993
270789
901576
491982
958929
352726
606680
483802
98783
975334
155729
90600
363260
173479
590316
106579
672244
686846
934393
287231
696837
25097
467471
483857
826115
254484
246299
934428
213540
934442
967211
8749
341427
614965
844346
197179
25154
770630
729671
790627
574037
169401
139864
819805
702435
533088
82532
811622
451178
320107
778862
787055
330515
942709
369270
680568
49788
703253
443011
230020
164486
66184
180874
238220
653
123536
828051
393878
500385
352931
213670
787111
360562
664249
830239
967359
746176
180929
484035
107205
770758
15137
691800
942794
494371
508628
148185
656096
25317
320231
344808
713449
533228
746221
738033
770804
131839
746242
920363
836357
951048
516873
418570
1495
172813
434961
484118
295711
426786
795427
549669
123686
541480
754480
820021
656182
484156
533316
951112
90953
738122
58187
156496
828241
762707
803671
246622
508771
107364
570854
274577
353128
437052
341479
476014
74615
459640
402297
304000
336769
418693
58246
467856
37016
983955
252219
402326
287640
861088
484260
435255
181163
877484
577694
820151
238526
148415
885696
222146
323745
33737
508874
910288
579064
983
762848
132065
327846
225447
951278
254959
279538
173047
639994
398847
742243
705535
181253
889004
205836
156685
84597
312336
730130
730133
435223
508952
500761
320539
17440
533538
279588
353324
459824
25649
222260
107575
278708
631868
607293
1092
705607
230472
13836
123979
902226
473955
681044
549976
22031
541788
787567
509040
74865
418943
763009
648323
279690
623758
795793
869523
408430
969508
189592
943260
296094
181408
320675
287910
312491
427180
746671
738490
107710
230594
910533
926410
378402
42198
918753
140515
83173
845038
959730
864467
328948
935157
664831
967936
124161
378114
779539
574743
263454
853279
427298
328995
509224
238893
329007
263475
323806
917727
886080
902465
238917
992586
296272
67128
433038
230743
877919
746848
42340
58728
9578
181613
648558
91504
771442
959860
533884
517502
34180
165255
613271
42382
140696
517533
165278
9631
107943
558507
951725
591283
320953
681402
984509
124351
959940
779717
353734
163173
796236
271823
853458
173525
902615
746970
34276
910822
894441
296430
837104
34289
673267
99829
484859
214525
951806
181759
493057
91734
263688
75276
1550
591379
288279
886300
738847
575010
796198
656941
42542
910941
345649
861752
230970
288317
804415
394818
103165
517702
362055
132682
550476
165453
435790
230992
255574
460380
149085
231010
980582
902762
476779
452205
853616
934163
411253
607864
329338
820861
181887
108162
427651
641986
640661
681584
435874
337576
741660
321202
938156
707529
829123
693878
517831
141004
403150
337615
648824
362196
551886
829143
960220
911074
952042
370411
214653
222972
897514
741675
952068
575237
501510
411400
648975
214802
952086
853783
927512
608031
927521
706341
132903
427822
198450
796468
83773
780102
403274
231243
551906
632461
894800
722769
821076
829271
853852
485215
83815
771944
706410
632691
485236
452469
952184
714620
968574
247682
611992
518034
673686
321432
102724
755615
501666
42917
927662
993199
567216
559025
906910
788410
952260
894918
288713
92108
67533
354260
190422
23545
264153
804828
632801
206818
280553
444394
206829
903151
174067
919541
738985
968699
632834
223238
890976
583694
157720
206886
794972
337962
231468
518197
337974
813111
26680
534588
755777
313414
665674
92236
895054
452689
477266
411734
72904
600162
149603
845925
26732
878703
706672
616561
436344
665721
141434
583806
780415
559232
895105
297090
313478
338055
796808
419978
75920
469141
419993
919709
665761
813225
870570
387248
51378
215220
67771
92353
133315
166090
198859
878799
272594
288984
108763
813276
706787
76004
944362
248043
329966
780528
567543
755960
387321
362747
403713
387331
567557
837894
280839
687149
985361
534803
952600
485659
977180
862511
483176
698685
575806
231751
878920
403786
354638
977232
158034
510292
494649
821592
493914
979343
936286
67936
797025
190819
371045
682344
854377
493931
2420
641397
665974
199038
829829
764294
698761
682378
189665
321932
919950
895377
993687
641433
190875
838045
264608
100772
690599
100776
731566
330159
117171
141751
631199
690620
690622
903616
870849
969159
911816
68043
543181
813519
174545
911830
805336
65956
502234
18907
199134
952809
90535
182764
788987
158204
922026
133632
956160
977411
538369
223763
625177
616987
337669
18981
27174
371239
707119
76343
715323
166462
59967
543301
482401
330312
371278
199254
870999
600669
395874
920163
281191
731755
625266
944755
258494
354940
469632
27267
166532
461451
977549
600718
435992
281234
797331
182933
879258
412315
641692
600744
928425
176583
889288
838326
518840
903867
780993
125635
625351
471500
412362
346827
338636
125646
764624
625364
707287
428763
518877
60126
592607
379533
452391
453356
641773
551662
805615
568048
297714
937086
969467
256764
158461
700872
183055
846610
51987
854806
633623
60184
846622
84767
379681
35619
199460
273190
609064
953131
165682
437039
592694
838460
183101
478018
592707
453457
838483
551767
781147
830300
453475
881730
224102
289644
437103
813936
346995
256885
535414
256887
306044
963050
158597
863110
207753
961419
347021
117651
93079
248728
215963
494496
76717
125872
805817
682940
396226
27589
494537
19405
986062
718669
674774
494554
248795
158685
953310
702288
855010
469988
314342
297961
822253
658416
609267
941747
535549
44033
437250
715789
322575
560144
461845
723991
505569
445477
76977
199723
281646
715827
928825
314426
478269
437314
781494
330823
986192
576595
789591
806074
887902
265315
486500
781415
216170
109678
945264
224369
306296
617593
994430
388223
871552
569131
707727
519315
756884
314518
879767
625824
863399
765105
202611
17043
380086
981307
208058
502971
511166
550773
363712
553504
101571
448375
666833
114463
830677
11478
945367
658650
904424
699625
889383
371963
421117
896254
650496
756950
863496
339209
503053
396559
751491
576792
120709
560419
208164
915334
707880
503082
445741
560430
658742
3384
978233
691514
19773
552258
855363
470340
560453
224588
494928
568661
288658
265582
421232
265585
863465
929144
404862
331137
77190
404872
541250
839059
855448
462242
708003
519591
757163
134577
388536
986554
460703
191954
929239
978392
847321
798171
183773
599973
781792
994785
200162
216315
241126
437735
314864
347637
617978
724475
716289
372228
314092
536070
265735
300453
888330
486923
855564
314895
658962
781369
421398
577053
126499
814629
101927
642604
724527
200241
839218
814644
355899
724542
20032
372291
101959
142920
765516
402476
937553
937555
462423
749144
847451
175708
921182
364129
20067
847461
101991
77417
667243
732789
953979
454268
705130
937600
795243
675462
913033
536205
82542
364184
339609
700063
954026
331436
467571
863924
28342
102074
421564
164469
970432
364226
757443
634564
372426
52945
265941
618199
806618
560862
536288
683748
618218
618223
347889
675572
446198
782074
339710
405248
732931
659204
405262
347919
388885
878553
306969
61211
511777
798500
732966
339755
118576
831282
126772
446263
724794
487227
372544
724913
192323
257869
544595
847700
316046
167769
487260
833509
503649
561001
921450
44909
675696
508563
832148
36737
528258
651141
391148
978830
232816
315284
184214
700318
929695
683936
536483
823204
36778
118705
831412
331701
192440
929721
536511
651206
225954
454610
258003
634837
249820
520157
970718
105809
536552
962543
847861
740693
208897
548182
659464
102409
995342
249880
610332
823326
176159
167970
495652
479269
405545
561195
69676
774195
806968
684095
593990
96268
995404
700498
20563
69716
86108
143455
77923
356460
290925
585842
405622
736617
241785
585851
512124
432149
323719
888970
635019
53393
831634
299159
372888
528542
708768
315553
331942
888999
757929
225452
970925
807088
209077
102583
356540
631498
561342
69823
364736
987337
610515
880860
258270
774376
545001
28909
184565
910036
274694
348427
217357
135444
454934
119063
250140
545057
962853
356647
143657
504107
995629
717102
332080
897330
110899
594231
553275
184636
250178
676163
176452
209221
397640
414028
569677
774485
282969
913754
949647
78176
840037
102766
315762
340339
840052
209278
332164
164588
905615
872848
471444
266651
815517
53663
4513
831913
192938
930546
831921
700850
307640
746228
616522
971198
995781
405959
86472
618956
732579
348632
594395
463327
512480
258535
856553
348650
848367
881138
356857
733690
717314
78341
193031
610828
102929
979474
651801
299549
438815
324128
602657
176675
258599
143916
463405
250417
119346
266811
235616
447046
782919
242251
414287
52664
660059
545372
11706
489573
86628
782949
447081
963179
529007
324208
4728
242299
266886
307849
45707
209550
938641
742035
758420
316060
914082
930474
103085
651954
627388
37572
971462
463559
856777
869518
438991
651994
426789
430821
692968
717545
266986
316142
897778
652021
316157
963326
602879
905989
783110
176905
226058
471819
758540
299797
455455
95008
127779
127786
537392
586546
684858
119613
930625
627522
504646
258887
865096
37705
955213
537422
95060
570204
54110
13155
914280
766825
988010
177004
152429
398192
95096
742271
545665
70531
816006
676748
570253
103313
562066
840595
365461
320324
914336
645275
455588
799653
906153
231581
947016
496562
594867
930742
103353
709562
184569
62400
439233
54210
62406
889801
955338
390091
906190
685008
119763
611286
291805
103393
791523
906212
291813
365543
881641
414699
472045
447474
738131
747594
660472
209919
365575
377156
549719
70670
144400
300051
767781
644120
218137
168986
300062
13343
685088
644129
406364
799799
603194
603201
398402
717897
29772
250723
906325
717915
177250
513123
324708
996454
5225
619626
62572
359954
439409
210034
521334
414839
773653
693380
390282
971916
791693
595090
390295
243908
251044
275627
939181
537774
726194
884254
545975
862410
595134
529600
947394
149707
554185
545995
144589
193400
160980
447701
373974
611544
759002
63696
726242
636131
980201
677102
161016
989396
341242
627968
295809
890122
70923
144653
357251
668958
893830
120102
824615
267560
185646
488751
169266
357683
234811
488766
38209
390467
439623
103754
21836
996685
955736
611674
562524
251234
111973
210280
824682
521106
791921
148371
570740
546165
259452
223466
144766
185730
169350
570760
939401
644491
365965
410520
95634
62871
824728
46490
873883
95645
95647
161184
349605
505258
333227
734641
767411
710068
964021
400969
71097
79290
131939
243132
325053
447936
13761
570820
814668
726479
841172
513494
62936
718297
685530
161244
366045
79326
570851
177638
251367
939496
251375
87542
529912
931321
841210
472575
210438
636425
95754
284172
5645
120335
415248
144913
816659
669209
759323
726565
896604
26887
906801
454372
129289
284217
906813
751170
308808
226890
197559
759375
153178
970341
448097
530022
251497
740967
693871
919827
63094
685687
833146
123840
759427
22149
119745
874122
800395
251534
349081
931480
923290
915102
30368
931497
22187
849583
808624
276145
530101
227615
103370
40293
407247
194259
646858
376442
992208
36475
480999
841454
505584
374515
849654
628472
710394
300796
628477
456448
186113
775940
300806
808711
194314
431884
986755
816916
366357
309016
63261
431903
464675
423716
522021
841513
161579
735020
415533
661299
474761
161597
415551
980800
538433
87882
63309
380557
898896
685905
766947
55124
169813
587606
636761
30556
374623
300899
391014
153453
685937
513907
792438
251767
497531
726908
866173
882560
889835
964485
759686
595854
153488
61080
107502
538519
276376
710553
841630
677793
702375
358312
546730
423852
120750
391087
780616
128952
444565
235461
260428
63435
276438
120798
210915
604133
751596
423919
181247
301054
899077
546828
768344
301075
251925
989206
112667
383013
464934
358442
727089
309299
710713
202812
677950
923712
776257
30786
399430
866375
805
596044
464973
145493
456791
792666
907355
350300
251998
350304
702565
850026
653420
489585
587890
63604
858229
317559
768120
14457
333947
710780
325764
71817
143042
579731
850068
129173
440471
506010
743579
194726
80043
96431
575236
874682
175818
40651
301252
8940
325840
563412
907477
112855
55517
497889
456930
727267
194791
276714
342251
334063
448752
923893
899325
538882
29128
555271
489737
661770
366859
751884
612622
252182
801047
342300
821637
825633
416037
14634
22830
637231
47406
145723
700128
948550
358727
869431
211276
170317
88402
925411
850264
735577
948574
374201
792930
42044
416107
186736
211326
850326
899463
96648
596365
588175
260502
145823
612615
952731
735654
489902
244143
481718
539064
219577
842171
514464
661954
481734
154056
465354
416203
145868
121295
989651
457178
784863
399841
412071
862632
768498
189524
449019
236031
563712
702993
473621
411851
686615
375571
801306
285103
424477
440865
227875
244265
334378
965170
354739
113204
539189
309816
23111
727627
309838
219729
989778
848995
450319
309855
490081
735843
465512
473713
146035
174526
906345
490109
715200
105095
195208
588428
440974
481939
683801
656495
460138
776862
308833
978715
129700
154292
981690
818975
121548
993741
670416
875218
15061
522967
39642
109007
56032
868223
932585
449258
342766
15089
916214
809719
244473
277242
596731
391934
858883
188204
285450
899851
736012
935043
342805
469465
211737
457501
773936
768812
46059
121649
903646
383801
315108
793412
23370
211787
703311
899920
465746
711507
228181
211799
408411
405306
383843
916326
793448
547691
64366
72559
506736
523121
785267
473976
195450
859003
170882
662414
269202
441239
211867
482205
678818
809892
900006
997873
490410
187310
687023
711601
777143
310201
539581
89023
244673
777154
277444
908230
564167
408522
883661
252879
777168
203731
531412
105432
778064
885144
424935
379389
277488
998385
924664
465913
104959
220156
490505
809999
539667
600088
121882
662555
56351
490536
637994
392237
603908
277561
515130
441405
189552
138314
90532
162895
687971
154708
957526
23644
293982
48224
719969
392294
744556
261230
221032
174611
326777
244859
121989
342551
801933
81038
495469
826519
130200
604698
818335
818336
465435
687268
416934
285865
384170
744621
646318
566472
318651
810172
203468
604705
351432
720075
974028
195790
505037
147320
138450
629971
539867
802013
826591
392420
482534
357585
810219
154862
318703
392432
261369
466171
908541
228607
982274
436972
421762
498963
736532
990485
417046
638238
761120
335144
78537
32043
138540
720174
466225
220466
908596
597302
187705
212285
957758
523583
73024
195910
247009
843081
179530
171340
767202
974161
597331
236884
859478
294242
408933
744809
310634
400751
343408
998771
698942
843134
963992
89476
261510
720268
679311
572818
433557
387653
540065
392614
23976
900522
73133
892334
441777
738547
613812
970654
342554
343482
490939
587402
835005
818625
237000
998861
572879
261585
161017
32217
941532
212445
499167
605672
982505
769515
731585
392692
253438
169216
695810
974349
785938
849701
630297
204025
450076
933406
785954
810531
278052
335397
790449
177415
851503
728627
155189
3258
949818
917053
450110
458312
540233
106066
151380
999003
548446
786022
474727
138857
383592
343669
933494
32378
40572
674411
130697
212628
48798
122530
384676
711281
974507
401069
376495
670323
712372
925366
442042
327359
622279
16074
622283
458444
573136
419107
253653
679643
614113
582381
20434
425711
275943
294645
704251
540412
212733
24323
220932
835334
327431
786191
712467
415022
253721
942042
311070
950047
638752
368418
163625
835372
98093
842376
300339
474937
147258
25909
918725
89925
696136
401231
626937
778070
171864
597859
810855
40808
114540
630644
204664
810875
286588
499581
696191
565121
499589
630665
311179
384910
892817
933779
565144
434073
753567
474911
294817
212903
368552
308551
260765
450481
286642
163766
893633
376766
565193
704460
778190
393167
73680
810964
98262
909274
442336
704481
835555
892902
787793
655340
237553
417778
516085
622585
679933
9702
174468
294274
350500
920628
866350
