962176
416130
323162
432139
92940
206606
86927
846352
183569
821906
401091
835674
224661
745878
3991
29850
550939
262300
538522
714783
881955
921380
297766
229287
644264
303118
297387
792493
16559
791600
629941
165430
900919
143288
636020
332986
163679
102077
388555
484021
203843
531780
16710
337097
234058
591307
620511
134990
681227
38096
641443
291150
255703
631256
426073
615002
788495
238172
270194
198985
479071
435280
149262
662883
253797
879206
775078
368252
46699
421485
659569
841458
874484
436041
107256
47866
625148
186954
332670
71766
