655363
907948
794635
32783
794640
245781
630807
237596
729120
983077
704551
335919
147516
458830
893009
98396
598109
680030
180320
114786
573552
499829
368759
508024
109248
16524
557205
811159
90269
278688
237737
278703
999601
499897
983227
770254
434385
532690
876755
434394
835811
696549
835845
688390
90377
196881
991509
920283
925989
770893
966969
155962
532802
196931
835908
33095
598350
442713
123237
188777
172395
835954
582006
582008
655738
663933
803204
344455
713097
8588
663952
876946
213403
230811
991674
844230
631241
385483
999884
164304
950746
541155
115175
672240
979027
918010
344571
606729
729613
262670
901656
336409
213530
270879
639527
950829
279088
860721
66102
582201
229950
787009
254531
352841
541260
974946
442961
459356
139872
533089
557671
905321
541308
533118
221825
303748
33428
74401
33456
795315
819896
131774
844482
99013
131783
549578
697038
582351
164561
942807
680684
631548
252714
983807
451330
41732
860938
492315
58140
475933
312101
688937
500526
271158
516920
508734
615237
525126
246602
656205
656206
850
222046
181091
33640
508794
181115
181116
549757
328576
198123
951180
107411
803732
99823
553114
877477
17318
992176
443323
934846
794784
443332
336837
759287
576333
533458
861146
459739
746460
320477
82912
639969
885737
869362
246781
345100
787474
345116
910367
189473
705572
561330
42033
910390
345146
312390
164935
418889
83018
828508
672864
58469
320615
672874
730225
828539
410754
468102
25736
476306
451733
80751
386206
853153
533672
99506
328886
156859
705738
918733
883576
688334
419032
861404
203644
451818
263404
34030
312563
197881
730365
869630
386304
771336
113538
509203
787733
528601
591133
410911
968240
20699
312614
525617
50488
828740
312649
410960
468307
779605
460126
91487
738673
87616
423489
394637
116116
91547
624035
837028
402853
640431
615856
17846
959941
615878
239067
91614
603728
689635
304618
968171
656878
853487
861680
345590
861688
583166
263682
951828
923226
198178
132652
453554
230960
804406
230969
763469
99928
861790
935534
362100
714359
886392
632442
681607
72642
337550
919187
960149
943769
493219
359366
345774
1711
657074
452281
485051
681668
58999
730828
403149
722638
272080
558803
599765
222937
239324
214767
624368
67314
591609
313084
9986
870160
911121
550674
652931
968468
345879
698137
182043
482266
747297
796450
59171
124720
517941
436028
280385
575302
689992
370511
690006
304983
100184
288608
739181
468853
591742
378751
255873
321420
173965
108434
118452
755605
632726
247705
141212
477086
102727
165808
706481
203763
698294
403384
681913
624570
993213
993217
739281
919517
161446
772070
370668
870396
813053
190463
935942
894985
649226
395277
731159
772122
854051
935982
993329
641074
854067
460860
444477
141375
749920
763973
354381
223311
419928
665693
156005
280676
354407
837744
542850
329864
600213
94183
583840
174243
583853
43190
837821
903359
526536
231634
444639
395489
133348
387301
362727
384039
313581
674035
887028
411893
968955
788732
198910
116994
428294
682255
346393
534812
567586
108841
461111
870716
493885
756030
379199
903490
526664
35145
895307
76112
18770
903520
231777
690535
698728
805227
108908
870767
592240
354675
346494
485770
567693
67988
35221
403863
641435
690588
321950
190887
715189
346553
862658
936405
435702
494040
756188
764383
330208
535014
526832
289266
264691
43509
649726
780801
223747
780805
895497
625163
51726
436759
363036
666160
903729
985650
166463
338501
436807
10824
731727
485971
68182
412248
453211
567913
124691
895605
469622
526974
838272
706327
133775
903827
576148
223896
944798
67355
205254
297655
871096
608960
502467
690887
53708
404187
363232
740070
469738
19189
84726
240384
338691
944903
420618
666387
650005
863000
461611
535347
787073
281403
559934
943925
904004
355143
600907
895821
76639
314214
805735
486248
624444
564370
535412
240502
781175
199546
723835
437116
846717
813950
109444
183446
347024
764828
543646
846754
535463
519086
330672
928690
322487
633791
986053
854986
265166
117711
76756
805851
35813
601066
609259
936940
216046
84988
592901
945172
945176
265243
764957
650272
863268
347174
341852
412714
27693
822327
232628
519233
404550
765030
658570
27795
298134
355490
322736
150706
3252
855222
806089
806079
257218
707779
224457
44234
347339
363731
937172
707797
535766
462046
273636
978150
675051
888048
716018
658678
773370
208126
232703
568580
773395
322840
879899
265500
290079
232740
691495
585003
683308
650545
601406
888129
462152
265545
453967
240868
986461
372063
191845
232810
888174
11632
650609
322930
134522
937352
265612
314765
978323
937373
716191
609708
630002
830896
798131
11714
896451
948129
757195
224716
101839
404946
528975
295269
691704
306689
462339
350125
232976
568853
601628
323110
822823
609832
355885
691758
699954
133043
470585
519739
544320
134723
724548
929352
675408
716378
142947
757351
175726
839281
315002
544379
642705
93847
626330
126624
11951
274096
970420
798391
806605
798415
765658
683757
20211
380666
478971
863998
380672
545409
544521
143126
388890
143133
700194
134950
618284
847665
364342
356168
929614
159570
577364
184158
274274
569188
511846
790375
724840
765807
634737
307063
749432
421756
20350
774022
257930
28558
167830
77719
610202
288464
389026
397224
765256
36787
413623
757690
126909
176069
36808
643019
790485
675800
626651
200679
864236
258029
241648
77809
208889
323579
167932
315389
225282
208923
254640
938030
167987
233524
872504
69689
77888
987215
475832
389203
69723
282726
225383
962665
479338
462965
856182
782457
135291
954493
184450
897158
774279
405658
692386
438436
37035
438450
356539
102589
921806
250063
626905
159963
45280
4328
332009
61681
545014
225534
971013
180951
946454
618776
389402
856352
782627
938282
782656
348482
299745
346581
332108
53588
366649
389464
119136
110951
45431
160125
438654
618880
20865
381315
971144
233875
536980
389534
250275
782758
627112
168372
405943
397753
37308
111044
389577
651724
102866
979426
78307
12772
266733
922096
602609
553460
741879
438776
758281
201228
646573
553497
53786
160299
299570
209474
701003
750156
234063
840272
176721
430674
496213
545368
995936
135792
782961
643703
29309
438912
889473
307843
356998
701063
77251
807577
127646
455329
856744
610998
250558
53952
864966
77260
209613
496336
570072
725722
619233
348901
430826
94956
421330
750324
553726
299777
86787
897797
193291
758541
520982
897824
13093
963367
160554
570160
971570
987967
74550
570189
29519
21330
234325
980545
611159
54123
13532
480117
480121
267132
455569
390035
963486
218015
701344
103332
832439
865214
701383
504778
29517
365521
70618
21469
709599
594916
529381
463847
13289
717813
78839
619512
914429
119815
537608
54284
676891
259101
62502
840743
709674
554046
46173
726125
455796
373885
906376
128140
275610
873630
709792
529570
988331
963760
128178
341175
210120
324814
414929
259283
472278
603001
210140
455902
980207
578801
759031
324856
111876
142299
260312
251155
242975
693539
267557
513322
234804
718134
529720
382272
374082
292174
546131
562519
5464
21852
447846
431481
234882
210307
76013
431505
210322
775575
529823
767392
349608
284074
726443
210353
865719
289012
677306
292283
357823
808388
652753
398802
218020
841179
718301
898529
857579
174334
636407
87556
529931
767514
800295
538152
325166
226864
865849
382527
972352
316993
669251
480837
849488
759377
38483
693850
63071
63078
87672
235139
128647
882316
407191
226975
661155
349862
833192
54215
46766
46778
726721
267978
587467
866000
431826
177879
317146
128734
710369
857838
792314
71429
55050
71981
964369
555309
235286
444014
230363
939819
374572
866097
227131
849754
391003
603996
358238
235362
862525
46963
817014
525289
710523
538509
186257
227223
69274
481185
776106
473003
754674
849851
735182
391127
923609
104411
432094
260063
413469
514023
841704
636913
112626
169971
38900
391164
956414
6164
890906
507308
366626
694308
219177
325674
79920
209928
276532
55353
22587
907332
448583
333897
710743
530537
907377
514164
252026
325761
514189
424079
604305
546963
22681
293018
637092
301230
219315
22713
47294
858487
497880
276701
530674
489715
940281
858363
784637
841987
424196
186629
424198
63751
743689
710924
203027
842004
465174
809247
989476
809261
293170
661811
653624
760121
260411
6460
342335
141709
358741
129369
776539
571744
63845
530800
940406
711031
104831
702848
481666
940434
629143
883103
188144
674203
973223
317866
367026
121268
121271
981436
383441
342489
653822
55819
956948
498204
383526
23084
31279
408117
891453
367168
375362
236105
563787
318030
219727
375383
129625
817755
498269
399966
992359
899700
440956
907914
350863
744080
47767
522913
670380
252591
162480
162493
293566
80583
47819
137934
47824
948947
858842
269019
449248
56044
989942
178940
662271
31491
56070
749356
992390
23335
555818
80683
23349
990007
121657
940858
657888
940867
719685
703309
170842
924510
768873
236396
490349
244591
31608
695164
662400
8000
383874
547720
261003
785293
48026
228264
15280
31682
580550
375754
547791
424912
228314
867294
252896
564193
409957
285672
277483
850931
285685
900088
269308
941054
474113
801795
302089
310284
351246
531473
162834
269331
318489
277531
367644
334884
965671
647004
326715
48191
719944
695371
891984
851032
744553
760940
572536
171130
916604
162943
400518
695440
687250
949406
900255
645660
736430
40112
457914
957629
695490
490700
318669
195791
974040
31963
769247
908516
343273
916718
597234
179444
351483
163077
301612
267479
810252
122137
711967
731697
963804
785706
245042
130355
234718
343363
654666
425293
982351
220501
621912
327567
793949
433515
589176
834940
64897
990603
351629
730350
507292
425374
220584
671146
875948
228781
51784
613816
826817
556485
802247
97736
310731
196046
908760
294370
720364
843273
769547
220686
622098
949783
384536
163356
785958
818727
540200
949808
515635
253498
843338
515665
630354
193806
319063
949856
130658
818788
111889
978877
902419
228983
654970
908923
360062
605834
664855
695953
401044
638626
507559
442024
179893
360118
302784
43638
401103
638678
384739
900844
343791
835312
524025
856801
679677
130821
106248
818969
450334
884511
417580
982829
147249
458547
171836
278336
278337
226614
991068
393054
466784
786276
507753
565099
171893
868214
499579
835466
892814
495597
851950
114587
212893
368542
409514
679858
319413
171960
73657
270270
65480
507849
57295
909264
155613
379557
8172
557038
794607
40953
704510
975304
103266
871841
884519
794718
827465
851146
