191488
862211
335876
632837
34822
742401
360616
9
282636
602125
933903
892944
782680
851971
434197
352279
14340
765979
735262
151583
395296
598049
249807
131108
534565
167974
915495
735272
794665
190507
731826
258095
319536
591921
776242
243763
763957
352313
391227
495676
794140
231487
90176
956481
202819
749636
53319
376374
145485
262223
688210
766040
757849
378970
67675
921693
911455
770144
692321
907364
18533
918462
262250
460909
796783
374897
254067
737396
882806
915575
417912
571514
55419
587900
231551
247827
187072
981122
800899
600196
33814
698502
920257
106635
876686
909455
956070
39059
276628
348312
755865
80029
514208
219163
344228
805030
315560
563185
411819
446636
868529
641204
793630
405687
286068
663471
843963
960700
833725
303294
168127
196801
116931
84165
428230
372935
655560
575689
53450
813260
870607
389329
815314
737492
862422
301271
395481
866522
220
420061
538846
65761
581670
788008
947111
192551
430317
784622
671983
38952
786674
368884
725237
57591
117460
348410
679295
746880
536835
239876
964869
22791
737544
813321
629002
246027
323597
188687
173294
604434
868627
755988
977175
428312
632879
4381
846110
149791
721184
290864
176419
469289
379178
831787
295212
361522
448821
238712
506171
84362
354622
274485
389440
686402
2376
307044
412117
997423
237900
837968
876881
667987
442708
461141
57688
638351
614748
346462
313698
870755
176484
346469
346471
225642
332139
360850
364911
639344
510323
543806
103145
499320
153978
30783
407345
815486
55636
938390
530822
223297
739721
225674
362891
205196
766349
65935
866705
946578
485782
467351
121924
975260
638362
219550
604577
584098
487844
620966
930215
676264
283036
45482
956843
913837
649646
948656
139698
659892
713142
254392
647610
917948
238014
170431
336321
584136
645577
119244
604622
770512
660216
958930
627156
598485
565719
145880
747993
805338
31823
303580
614877
192990
422368
993761
709091
630621
544167
987628
805358
709103
774641
362995
940532
879093
487928
399866
98813
77828
358911
31233
936453
182795
739962
408077
80400
264723
598550
989722
6687
750112
695136
791075
272934
784935
655915
829874
713265
303666
817716
462601
604729
617567
191038
653887
55872
750145
250434
20352
976652
957002
284087
246349
270927
183736
88659
279124
504408
25179
631226
563807
60000
762720
828005
287334
727656
78442
332395
848492
465517
43630
387696
717427
873077
148086
53882
860795
379516
883325
535167
494208
725633
621190
803463
553608
682636
258701
389774
940690
834197
346775
344728
899738
268962
645796
465573
772774
5233
111275
334510
998856
68274
610995
172725
955062
739785
340592
221884
549568
137921
402114
604867
887493
922312
970993
316111
142033
328402
139987
781012
753102
271063
96985
709338
690298
950782
559839
74465
955108
606951
33513
610171
568045
362735
436975
492276
811768
621305
66299
326397
107262
633599
363266
613123
447239
244488
682761
72459
664332
206978
338704
368088
109330
893716
942870
656151
359194
936731
508705
678693
815911
144168
369451
250668
369454
744242
756531
574577
330550
787257
267066
105275
471870
851424
708747
799557
742214
869191
764745
705355
54093
242512
414545
92643
965460
766805
516953
156506
138076
291678
922464
729954
368443
779111
70504
854890
400235
791404
815981
490350
930673
854898
858942
526636
37753
113532
564714
707454
107393
615298
789379
362626
423798
977800
932196
294800
246667
129932
787342
111503
543633
162706
779075
911249
300526
35736
770543
39837
144286
97183
762784
582561
115618
226215
895912
793514
428972
244653
746416
668485
721847
516596
852922
596266
671709
619454
510914
848715
584645
968
773065
23501
738254
265168
549841
7122
842711
156632
809124
512986
947164
420837
76774
841553
658408
621547
64493
586435
951280
19441
912211
200992
90622
961526
129810
475647
805886
111616
539649
499883
312324
250886
463879
736265
474122
191502
517136
897489
545813
205846
291863
711708
627741
730142
212000
713761
298022
412711
468008
752681
594987
652332
66607
750642
635956
699230
396342
959543
449593
965691
232970
990270
756799
842816
396353
670786
850443
44100
117832
851018
266423
351308
62541
138318
865359
97360
891985
283730
15444
128185
941144
285785
556123
851656
562270
869471
404576
47291
273508
113034
367720
633962
189550
437359
367728
545905
463768
675508
553150
245073
21623
881784
420464
693370
70781
99454
865407
195712
291969
943237
66694
707721
11402
273548
646286
318607
445588
785558
56471
803997
799902
140449
70818
285859
72868
96454
269479
890396
906410
357547
818348
568493
218287
779440
481480
218290
459956
642229
833737
765112
457913
238779
584892
582845
974647
869568
269505
402455
595139
728260
298181
715978
464075
464076
212743
849105
230610
226996
447702
463294
98311
603354
455900
767197
511200
761057
66787
824870
140497
873704
902377
967124
974062
122095
744689
779506
85235
886006
736809
929018
486651
176328
311219
48382
898305
181507
924933
427270
216330
974092
789773
361742
837459
412949
734486
161047
273690
463066
744734
595232
916661
269603
638245
561021
890152
349404
832810
265515
541234
781614
877789
544049
89397
83254
476471
582968
651828
679227
257673
589120
208194
421430
550216
653359
458456
56653
669009
267605
73047
159064
123224
257143
443741
877920
933217
398690
284005
404838
509286
21864
152938
304359
464238
175677
379306
765300
824696
98879
277885
771455
447872
969280
855430
173448
517513
48522
729666
390543
161169
134546
797868
138645
794006
609687
20036
5530
11675
437665
150946
134563
109988
738725
69030
732583
865704
337323
791982
845041
972177
974258
277939
304564
719035
372151
300472
571636
566714
517023
449982
767424
406432
941507
523716
544197
665030
423368
265674
384459
152482
959950
87505
1494
257495
140760
338982
394718
619999
427488
892385
215291
843236
849382
736743
230890
896491
538182
867821
55698
999336
474610
902347
235092
674730
806398
869891
586175
659503
765450
790030
653229
951826
284183
710168
216601
771611
859676
908829
576646
247328
154788
52773
452134
327207
466472
282153
306733
964407
863795
265617
978486
94473
228614
356959
720445
17983
284256
509506
403723
388676
609313
179782
239201
935496
513609
312907
286284
856924
85588
683607
882129
749844
665181
198238
800352
378465
684213
593507
833124
901734
984680
110185
992874
394860
517741
48750
583280
930067
140917
163446
982648
507513
810618
743592
896636
208510
29973
303723
65158
163463
413662
460425
866583
556684
108173
493199
345744
22808
136850
936382
812696
203961
274074
556701
337566
499359
155296
389744
464584
698021
597670
827047
45020
618153
614058
34479
877315
939698
526004
419512
73572
286547
370363
598304
52930
222838
380614
132807
235208
984780
530128
354001
403154
633123
388820
22699
968407
419544
318259
297323
974556
622301
186078
374053
544482
222947
156363
952039
763624
533116
593643
538890
798452
728821
244010
531753
351994
582954
573182
38657
433451
626439
775944
147209
995084
573197
646926
370976
714512
528344
714514
792851
80138
739097
486871
315164
757536
885090
778019
157388
886565
636712
163804
558890
749355
665565
993928
202193
206814
781961
98107
36669
319294
795359
789056
755522
190091
180036
296246
716769
388936
737097
894794
204619
69452
524111
325456
935224
800594
403283
849748
397713
16216
304161
819036
507741
12126
616421
595808
629372
482956
542564
851816
913146
130924
316900
28527
507712
368497
485234
872309
995190
663418
444735
982909
219007
917376
642945
804739
481157
405383
857992
425865
701729
739214
719922
46992
785337
730956
645011
292758
163737
757658
835486
187671
429989
189009
40872
798633
200620
931757
4014
958383
365896
219058
714675
612278
595895
262687
55225
507835
630232
116671
427970
337860
766966
282566
204746
131746
462799
179080
247739
950229
614358
333817
503768
409561
432057
802780
702429
444382
806881
296930
49123
243684
864934
833510
937959
888808
311292
286698
141292
763886
931823
911344
778816
483319
176899
440313
419834
776188
331773
191770
