348160
835585
546819
335877
960290
659465
165549
247824
268307
573461
380953
290845
362528
796705
911397
913449
563243
835630
307247
487474
745523
428089
712764
387134
407615
647232
415810
32837
942152
157773
707597
639056
991928
731222
220857
866392
137310
940389
381025
972898
276579
170085
331881
601557
389230
667760
958578
868371
653428
32885
462966
295031
182394
393341
262272
851648
323714
143491
891012
110725
875201
503945
16522
309388
635586
194702
86161
280722
557206
958615
706713
880795
37914
940190
880799
32928
71843
30885
342184
340141
471217
792754
67764
262516
352714
540865
760002
41161
168143
917714
35028
563414
82141
933925
901344
692603
948452
692945
192744
665833
358638
264573
334068
862453
352502
418039
835147
461052
850173
90368
235778
938243
471300
641285
555270
370951
174344
242376
479503
958736
467227
651552
334116
272678
354600
756009
464946
848175
332082
483637
699439
189151
420167
604556
553290
612683
192847
487764
852309
264534
661854
30154
648251
598373
354662
248169
901489
960884
881019
571773
541054
246145
219522
399747
351297
778636
592269
354702
725741
176531
516502
756121
158106
524700
788894
365815
481884
870817
508323
864677
856487
938413
500142
139336
563640
123324
900793
641471
302496
221641
121290
651723
688588
33231
598480
231889
743890
557526
760280
821723
158117
348643
633316
233586
340458
844268
621037
586223
139105
168437
834040
864763
332284
322986
248324
413419
293384
623113
227851
290221
875024
815569
53780
137646
793111
492057
340512
498209
770594
215587
434725
469542
258600
952873
287282
66995
324150
811349
483898
133691
672318
215615
412225
967236
791110
641121
105032
209676
109130
703052
677884
973390
64079
150968
473685
430682
261887
47708
741985
434680
764517
893542
895602
914040
819833
725626
774780
854653
883329
976321
199307
586381
10905
338586
563868
527006
112069
752289
879269
952999
789160
858794
633515
572077
70323
699061
19127
295608
209593
258747
43466
201406
201408
846529
273090
692932
313462
352966
819911
371400
856781
938705
45781
215767
58072
428762
582364
885469
434910
283359
711393
84710
716897
410345
283373
119534
868477
953077
35574
54007
824056
189179
389884
291583
139392
570118
262924
412431
946962
641811
33556
41830
60889
3436
795419
589032
236319
283426
88869
699174
476636
592682
808071
459564
74542
369458
529203
500532
946997
529210
861663
910140
183102
449344
635713
734018
645961
95050
973652
725134
705366
522041
409333
219993
756879
410460
887269
992097
242530
643941
306022
330600
891756
25458
412533
224119
100159
940924
455550
832661
658310
898881
84873
681153
402320
899988
422809
826266
324079
426913
152486
54186
933362
125871
199605
29371
441272
824249
845983
854973
885694
748021
885697
345030
508871
267208
816075
254928
609233
459730
64467
125908
889813
259032
760793
990170
70623
889825
893922
52732
576490
166892
72693
807926
203604
334842
232443
760830
68437
233263
111787
222212
916485
742407
400395
240653
371729
68626
793619
171030
93017
158746
166941
916511
338978
726876
764970
647346
37935
982065
752693
955448
95291
584765
887870
877631
568385
252994
359492
162887
410696
277578
683083
172898
236728
275138
367711
308322
386149
48243
962487
87158
185463
946708
662653
857222
171201
693385
13451
205965
906383
156816
451729
564372
332949
906391
91292
280090
187551
945312
437415
296104
451755
679794
380078
535734
783544
148000
666821
728262
986311
533704
504354
830671
29906
598563
128217
918752
371939
470246
500967
44264
277738
253163
691439
526103
276076
980213
799991
267513
503034
312575
527617
916739
933124
546053
986374
433418
646418
249107
947476
277782
613593
376088
412954
179484
468254
455970
197924
42278
604257
101675
482607
292144
664885
294721
738616
834878
52548
549631
908620
214243
410967
771417
31961
341340
200032
997659
313915
218468
871654
960401
32104
589163
963948
593128
56690
241011
400757
705912
269689
927098
968060
36229
82632
938692
34199
234905
777626
605597
304132
953759
587168
475835
687528
310698
99756
875949
749611
644531
808372
909710
908728
636346
419260
385269
404928
165313
716363
566725
228709
443850
204235
917410
523728
296403
122324
36309
687574
337367
910809
746972
329183
48609
714215
751081
310762
468466
804342
604073
892411
818684
386558
546303
214528
538116
740873
146955
675340
282138
783886
704016
867857
693778
448019
597524
762547
56858
955935
609824
759329
982563
724517
857135
95786
33031
182194
755247
618033
910900
861749
609108
60985
423485
721631
605763
720453
28230
519777
897292
753591
805444
732756
126551
847450
820828
175709
566878
267871
593505
835172
80486
129217
757356
845422
403055
972404
412948
429690
466556
520913
169604
468423
820161
48776
374380
531735
42640
362131
54894
589462
566935
954008
134426
554657
40610
233755
852934
710316
285298
480154
222152
405171
743092
804535
1721
812735
753344
771019
421573
199939
231115
290508
569037
583375
536272
777937
646866
42709
788089
347864
195876
489184
843728
218850
427750
798441
396583
628461
964334
683759
417520
542450
923455
835251
282367
409346
466691
550665
816498
669455
540432
313106
876307
694036
780150
163607
691993
130843
939806
395042
427815
923432
876330
85806
173871
840545
304951
116536
558905
956222
130879
603968
595777
108357
237386
340962
770701
724816
196437
442199
501596
839518
391007
951952
718694
8046
651120
83826
5438
630646
696190
706431
923521
173954
63366
571274
645003
362380
475021
520119
108018
161683
407446
476484
982938
34715
758495
221088
44961
630690
540579
135077
348070
679921
94121
640939
671389
690098
479157
632759
856735
147389
614334
890817
515062
695969
872394
106448
90068
214187
540636
34469
434144
565219
923644
151530
966635
47784
697882
710996
935932
212991
615455
278354
897392
387302
898331
207412
842696
99822
183709
365363
805340
