290956 168885
998379 131235
820641 776788
233402 228544
913545 833694
990999 837206
543391 830079
998379 7526
500696 395435
820641 370115
913545 443552
540571 645730
434992 310592
290956 686774
663969 775482
427907 31839
177836 709756
557325 187176
170954 586888
13810 46757
838546 352989
179547 78802
912370 797968
826049 793195
828721 380128
998379 785362
87098 421068
434870 417812
105246 469891
273623 69632
179547 55508
548473 174637
856366 726366
50397 61403
548473 659407
557325 421809
557325 91674
13810 198516
290956 839156
856366 43440
462509 850519
29184 6724
515955 149209
434870 730219
566688 567676
916365 793390
22875 127613
500696 758834
663969 899740
557325 141156
916916 733743
87098 168516
515955 718894
434992 119888
998379 216655
843523 167752
623102 989073
196287 713216
282554 657106
223009 807226
51866 962656
820641 288623
34048 881600
409476 861571
859151 559948
843523 953351
916365 339411
84947 341099
577452 810324
170954 901434
735244 433203
624375 155347
202102 159285
792822 922432
916365 654503
640445 639258
792822 378622
608867 984964
998379 104901
500696 150867
105246 583011
720469 695834
171987 489970
273623 785782
148159 614936
916365 687697
31008 3482
411935 282887
105246 878059
557325 234174
735244 171827
913545 383285
859151 359036
105246 13398
809805 950519
902781 70862
719938 603845
557325 730728
913545 646579
556955 967621
510177 360761
202102 4115
251941 361173
643806 605422
954848 337639
170954 280360
859151 608867
557325 17101
462509 369746
179547 512364
475025 693705
557325 511435
556955 119731
53238 972637
913545 601505
615536 286820
820641 931614
886096 266362
568934 538552
792822 265429
190902 464431
878233 557495
913545 817407
557325 909273
462509 785778
916365 963671
84947 672180
913545 207165
557325 881355
236541 7012
475025 240172
148159 935340
249867 247621
624375 728803
872506 47603
251941 331789
735244 935841
236541 35071
843523 230273
623102 527328
424894 880110
998379 708657
859151 157274
548473 46947
236541 212371
193946 667041
20075 210847
719938 265855
34048 961637
725492 282464
557325 585893
998379 157635
916365 7804
223009 596480
403013 906983
190902 704520
449284 965243
29184 705325
202102 968719
835011 565422
500696 792545
709542 281717
29184 431997
212192 782814
557325 871760
557325 565105
20075 462643
510177 648272
792822 847544
826049 492018
120612 452188
747670 541165
822903 316608
13810 943569
998379 725492
677375 90943
998379 377993
735244 124912
108188 559818
835011 936837
105648 397723
856558 227305
202102 450859
273623 510947
105246 167592
878233 138916
424894 567328
557325 839628
557325 494970
856558 883892
434870 531512
566688 920190
998379 274122
87098 514515
286857 840840
251941 846466
557325 598591
13810 651454
282554 667705
228061 71566
114104 322482
108188 499948
233402 107807
84947 588823
236541 951400
735244 914475
660129 949907
13810 254988
318907 99988
998379 734769
880833 420318
516713 218122
577452 452491
953119 764924
902781 34293
843523 791809
822903 159003
173233 811129
84947 802626
801291 391028
543391 651010
13810 464560
577452 387567
494159 367670
557325 258615
577452 210385
878233 188600
820641 26198
396853 539807
170954 710320
998379 948142
820641 220522
282554 235728
485187 848881
856366 460515
354503 945686
902781 71982
434992 361694
792822 549940
434870 857960
514956 294468
998379 310515
907040 78080
4300 741555
209768 84099
916365 543058
179547 588551
556955 246461
660129 975874
434870 342619
84947 849063
497954 159523
556955 821761
677375 665362
735244 348252
843523 622005
566688 210588
820641 928804
859151 862039
902781 381567
84947 637833
13810 431220
577452 855555
725492 287919
223009 105427
835011 564054
843523 360367
236541 325471
998379 739554
954848 802393
998379 287921
251941 274026
273623 477606
878233 835659
500696 897395
998379 242968
663969 389232
532311 625503
998379 550342
148159 23542
233402 458821
747670 494159
290956 490210
419108 568460
51866 788515
273623 267796
264866 421444
826049 641882
835011 417303
916365 196328
859151 390238
557325 39659
34048 779027
34048 542393
810526 364277
916365 196389
361752 325300
273623 986216
998379 878233
810526 522321
688472 436945
660129 724469
273623 911974
148159 602759
148159 764941
34048 283330
835011 348117
264866 683455
290956 459869
557325 516743
586472 656197
810526 15911
998379 539259
286857 708910
236541 649064
142565 553065
456293 420960
600097 165927
13810 108188
318907 401747
29184 934362
294468 608040
434870 724764
264866 855079
29184 841980
236541 486006
2493 94753
515955 292925
387681 584319
878233 132439
97741 365219
148159 87098
4300 998715
251941 90494
286857 893261
676626 248390
912370 16654
171987 431539
947614 581077
557325 116860
34048 494230
434870 389135
264866 424640
816262 918067
676626 317348
273623 456293
820641 657855
676626 514205
22875 350246
880833 379968
880833 193946
725492 981160
193340 390312
419108 142565
84947 206788
880833 842852
31008 463139
856558 441028
51866 986966
835011 682972
998379 344969
809805 127506
409476 721061
820641 774874
568934 84158
462509 742926
557325 845085
202102 176599
663969 539282
53238 176918
916365 725951
822903 457589
953119 771513
768833 759652
251941 273144
810526 780396
286857 428065
557325 796528
557325 44853
557325 795246
527989 295425
660129 132989
557325 948303
688472 870076
434870 730289
557325 30634
557325 779669
676626 407598
434992 482386
557325 110661
709542 424430
294466 827204
434992 66291
878233 200710
557325 652572
56064 433977
990999 833914
452491 861243
998379 739411
193340 916
964157 528246
475025 868810
820641 15875
557325 967664
822903 70259
688472 528948
273623 196362
273623 179564
989073 48322
179547 428090
953119 164764
880833 611527
577452 542527
557325 30633
954848 270372
148159 904583
434870 638832
735244 966156
97741 638824
820641 482617
290956 786538
236541 84634
212192 826528
419108 832201
913545 997509
171827 391488
998379 325032
273623 964598
557325 157151
982915 120800
953119 86713
856558 910964
234575 309065
22875 618877
953119 831177
434870 814187
223009 800934
557325 176126
234575 577479
758085 944391
557325 871052
170954 426048
22875 227144
820641 902481
202102 805570
557325 939984
989073 293047
354503 348089
953119 179547
557325 153892
557325 158063
859151 784764
880833 271604
843523 329829
557325 308424
84947 384427
179547 554827
548473 241025
13810 197090
249867 329972
273623 835011
660129 238069
13810 406475
954848 619638
412083 444454
148159 654320
34048 139165
735244 520989
251941 23100
20075 720091
557325 856443
179547 686750
997677 229619
500696 861420
809805 374731
170954 278125
273824 609120
4300 83854
835011 521602
663969 350914
286857 657223
434992 590094
623102 231064
916365 418203
820641 616950
557325 356354
164764 61318
998379 938656
196287 828710
557325 262109
557325 446551
820641 487660
676626 387684
105648 395307
500696 569288
822903 48637
998379 515032
577452 293310
179547 398798
953119 850476
27746 37979
543391 35828
987209 387234
998379 56105
557325 379259
916365 781493
419108 656098
816262 739457
31008 220376
557325 903072
660129 926829
13810 306471
735244 543391
663969 574952
434870 797326
600097 360331
427907 76000
411935 673629
878233 181645
500696 798966
114104 429127
660129 809845
557325 66292
856366 693369
568934 829465
223009 21111
233402 244716
557325 780355
557325 483457
816262 588683
318907 173233
998379 212192
997677 343265
916365 761033
902781 305971
273623 479562
273623 615375
623102 54457
929829 197242
998379 653475
190902 916916
286857 229463
462509 144736
51866 414369
462509 193340
916365 559114
835011 822530
810526 880029
809805 219204
170954 26272
434870 555554
998379 558696
434870 636576
475025 849624
434870 912698
170954 41407
792822 303722
485187 747670
170954 48608
462509 845227
87098 418917
148159 17475
953119 744247
557325 543798
510177 177836
282554 972032
114104 951426
809805 842142
434870 381693
318907 12324
500696 320748
577452 458205
916365 893148
13810 825377
843523 52936
856366 475663
557325 74793
850179 977096
566688 579416
548473 92781
568934 212400
676626 217119
543391 301741
87098 988228
31008 113559
998379 997677
735244 841316
403013 939927
792822 784147
998379 102046
500696 150401
286857 586775
22875 540366
500696 782665
34048 305115
566688 668044
273623 916361
820641 758835
577452 565202
735244 550293
251941 411415
29184 340021
273623 664170
409476 983463
84947 115814
856558 836745
318907 151116
801291 450484
87098 934659
735244 198799
801291 82098
835011 472673
709975 69150
557325 40427
462509 9004
202102 255011
913545 385162
557325 451177
810526 84703
600097 817357
557325 434774
251941 182677
273623 643806
13810 877324
735244 767976
954848 950254
584019 370620
998379 209768
568934 271674
409476 953949
264866 841461
286857 333703
557325 419825
557325 376788
934362 966415
600097 403013
557325 187465
508392 300488
792822 159635
926829 410597
676626 116117
343103 586439
998379 629182
462509 677691
600097 886096
354503 582350
87098 649053
449284 351593
223009 87493
674335 59214
582780 475456
913545 736360
236541 376032
105648 677123
434870 465559
273623 484693
934362 539691
663969 760586
51866 858560
84947 814312
557325 222350
251941 80633
941753 368191
412083 282953
251941 539414
557325 613406
170954 638814
584019 571091
660129 582851
148159 223009
557325 709206
557325 600558
929829 309878
51866 240382
409476 548225
822903 660297
273623 100841
566688 281419
941753 339952
515955 198635
961897 476240
29184 619673
683333 850703
878233 755724
826049 783700
355044 203809
820641 332733
671514 161340
566688 106444
20075 440330
735244 228852
557325 688194
577318 481529
557325 567904
273623 409476
916365 810334
913545 52762
856366 420566
31008 862636
600097 819651
998379 494250
84947 489279
568934 816007
434870 45476
954848 385158
856366 939343
37657 267411
434870 722143
747164 260650
148159 738525
859151 574361
822903 830268
170954 707784
557325 645518
810526 896309
615536 387398
600097 565368
170954 869890
462509 905846
548473 926739
688472 75497
434870 793754
500696 242552
31008 627575
902781 601723
100841 613122
954848 123529
954848 665712
348089 623577
640445 469341
872506 303991
251941 669133
84947 767410
820641 59718
500696 137226
31008 866953
84947 609881
500696 224811
577452 832391
249867 168326
913545 702138
202102 188150
954848 617424
856366 686673
557325 997321
998379 915639
434870 249073
434870 694997
497954 3154
826049 773142
557325 24411
810526 649790
527989 292782
822903 848484
902781 809848
105246 579907
170954 933028
378923 993494
228443 280740
23542 833588
735244 124603
27746 852646
500696 351311
51866 94407
267796 768833
170954 600160
84947 602907
600097 783134
557325 689392
758085 3912
961897 741950
600097 354630
557325 186817
720469 393683
557325 485621
515955 747164
527989 581749
557325 379796
148159 751102
878233 266202
872506 516707
720469 127874
648272 425295
282554 508069
548473 94777
566688 613
826049 460461
907040 762743
469800 273957
998379 959009
856558 833926
500696 787557
566688 314902
843523 828951
916916 732070
686673 794968
251941 710907
602759 61849
557325 797268
84947 517829
449284 24145
683455 955828
859151 539604
434870 249359
294466 417314
995441 378948
878233 643805
148159 611876
557325 222145
624375 118550
23542 142321
294466 514155
809805 408945
294466 528973
556955 214377
660129 959775
674335 930042
171827 210731
510177 320698
527989 339177
13810 647485
600097 164327
434870 530185
557325 235926
913545 477771
660129 411058
294466 438274
953119 55322
674335 458049
434870 576151
419108 443022
22875 878350
856366 869754
954848 292206
916365 926331
916365 822671
683455 886410
228852 406080
31008 425264
557325 883631
998379 940540
515955 552762
941753 576015
53238 260591
577452 575210
251941 50131
916365 68111
623102 741973
286857 987209
660129 492328
916365 411935
878233 91730
997677 584781
31008 576953
515955 272735
577452 668658
434870 326716
424894 763703
148159 623102
179547 451414
4300 227076
434992 147650
859151 362836
462509 409920
859151 606224
557325 114435
179547 437977
660129 308796
568934 918452
264866 724855
998379 221300
37657 552613
37657 637836
236541 711537
223009 13463
941753 738179
735244 789823
998379 828721
880833 460300
998379 590554
998379 191550
515955 118825
358751 903663
618883 180684
84947 391509
557325 157698
170954 551836
676626 941725
557325 531912
674335 896999
660129 295255
286857 207594
880833 228443
87098 621312
13810 138089
955544 365336
105648 370990
859151 734921
856366 892779
810526 463501
164764 148072
709975 417009
273824 796095
954848 849998
22875 995792
424894 15737
663969 922673
843523 701120
419108 981510
913545 535628
527989 707506
202102 648802
859151 592253
577318 943455
236541 225729
557325 292183
880833 25200
676626 183113
286857 225266
449284 670468
854696 618968
728581 70950
236541 178068
912370 634544
434870 381489
527989 172815
50397 70571
419108 418730
318907 961897
34048 483327
543391 242232
916365 367501
50397 638104
677375 213933
954848 640665
13810 74147
859151 712973
233402 862055
434870 15462
273824 2004
880833 752345
557325 56198
148159 290956
602759 751924
998379 158287
264866 120950
424894 890879
859151 391895
953119 976215
148159 618883
912370 360478
557325 943636
22875 250155
600097 632261
856558 233601
880833 66655
856558 193030
725492 888498
735244 405974
998379 272133
557325 369930
462509 956468
500696 89243
515955 276353
449284 591942
87098 252476
323808 624373
674335 92147
34048 333114
820641 328443
396853 675603
411935 158373
835011 839661
688472 205488
424894 469545
29184 945884
37657 234868
29184 683223
202102 117822
20075 604878
171987 172891
856558 987227
233402 213364
51866 321571
856366 29169
318907 539908
577452 22769
84947 130967
557325 484779
719938 120612
557325 4234
600097 169332
179547 148597
676626 694228
500696 821662
810526 783604
434870 519468
998379 436122
105246 290401
856558 418263
600097 586472
566688 282268
170954 856558
913545 88153
273623 94214
801291 488426
557325 50599
233402 504991
500696 290374
557325 835686
500696 678413
