881158 861351
401121 9121
159077 273986
929981 85153
355461 877441
696374 223745
881158 58350
414899 697343
22888 533720
44269 413889
44269 839410
536057 641523
596975 721917
497241 909178
314168 621734
306392 852814
427040 520066
427040 602411
55778 173151
869122 37495
630840 543218
32211 244040
426436 271075
560081 485180
375811 191562
761762 907067
743512 314113
893069 515390
138441 266081
383929 632391
497241 613281
697693 875388
328503 638211
560081 171381
502920 763502
383929 463584
328503 302695
632391 832208
631099 537411
631099 977483
568357 237633
431634 748707
248960 539580
152558 877640
929981 235901
945616 405113
962622 593047
761762 639666
723355 550909
983831 191030
536057 328729
827188 239849
794090 988676
540340 226811
675174 993188
937346 585547
540340 296672
375811 655951
543218 577359
596975 594768
223300 443629
58350 561089
55778 206777
893069 539242
761762 292103
741983 856024
540340 872474
306392 601783
751887 355859
818507 559119
502920 290568
427040 613310
697693 429734
697693 515611
32211 376702
306392 346745
715039 980103
26640 392124
761762 175194
746752 127338
355461 685522
613432 974804
761762 518007
326513 258201
44269 345811
723355 265115
395187 833458
13728 471280
648281 192985
152558 491808
68729 374217
478419 211517
326513 593352
648281 1474
502920 705626
979040 899415
743512 687201
159077 345466
414899 591635
632391 32128
58350 798644
741983 24750
206973 729249
401121 503100
893069 473353
152558 54689
397386 212294
751887 757697
306392 392818
560081 645013
111190 533414
408770 6289
479149 864915
983992 6598
383929 254272
152558 595267
314168 719115
111190 755891
783670 937159
743512 748104
502920 102609
630840 556890
979040 934181
414899 652396
73274 661255
589309 824884
746752 415220
536057 750181
44269 131902
432523 521581
349268 298855
391987 518848
232369 183346
761762 696658
560081 683005
761762 202277
646234 517145
143722 446572
248960 9254
248960 865830
863141 318743
414899 237649
50116 581056
564862 191433
888959 979286
426436 86560
398992 696303
929981 789457
646234 395237
332587 474790
395187 449100
398992 581859
982002 69358
697693 909620
414899 896033
152558 45993
841901 752154
746752 205635
945616 941385
111190 352258
109071 63959
631099 313116
497241 378853
646234 628979
206973 345286
540340 362808
328503 671449
536057 987157
206973 211925
502920 315278
206973 65741
869122 341992
328503 929815
199817 215192
375297 189469
540340 164636
398992 668797
536057 338261
761762 490146
761762 426485
697693 78269
44269 390491
827188 593914
471455 765226
648281 858571
723355 326513
383929 465541
152558 731683
478419 754284
44269 95182
32211 380972
306392 643885
206973 884012
471455 254565
248960 399065
414899 176093
32211 89932
44269 457815
323518 786250
630840 609494
741983 499293
596975 183971
723355 426234
206973 502898
369899 932811
613432 35835
869122 673656
646234 79612
621835 110894
13728 554583
334612 561633
55778 571738
838304 725326
332587 158044
697693 578048
431634 158370
827188 464964
945616 647192
502920 996634
761762 539554
497241 715426
479792 597497
414899 830499
896838 736143
431634 981731
631099 165661
841901 380050
206973 783670
957919 357072
408770 509624
248960 333398
696374 110421
502920 54966
73274 736509
375811 613076
3420 424247
159077 235897
479149 235991
645132 182439
827188 874076
893069 543503
13728 140613
32211 234629
613432 94118
306392 739590
498384 270280
912405 628
206973 104691
76121 905354
314168 898285
414899 586150
886382 206412
383929 783092
540340 378053
206973 33557
398992 265357
328503 272290
323518 330855
44269 671007
810095 805304
147670 682191
206973 15388
937346 702001
111190 431575
206973 93229
44269 219526
979040 324016
536057 863141
206973 654950
138876 444259
414899 74467
152558 489418
603905 434911
414899 514986
334612 929737
630802 603384
697693 231738
540340 359901
748707 149095
126387 435492
248960 379654
696374 6485
601148 717685
562875 514478
945616 769198
502920 311157
818507 875248
398992 838562
206973 561037
962622 888959
761762 188862
945616 735290
929981 248017
206973 488323
631099 663983
228824 52581
893069 123241
165661 261775
471455 50200
564862 95145
543218 292789
206973 924922
223300 230597
540340 41241
152558 332587
159077 898110
206973 407894
248960 305694
761762 975212
369899 28754
426234 430657
326513 310490
743512 202186
743512 162104
945616 153046
326513 908206
68729 226403
892500 672734
206973 29593
471455 798091
596975 485149
794090 819090
333398 85873
397386 673147
58350 528248
827188 304553
398992 317259
743512 545369
948940 6431
810095 798648
697693 715433
990193 753008
222382 717100
827188 211345
414899 66650
929981 443239
306392 82639
375811 575319
414899 377713
332587 42063
980119 230172
414899 44836
513099 675363
398992 145339
159077 289651
838304 899892
818507 14428
818507 102075
297693 428383
13728 190389
403952 694445
579448 784366
723355 857076
613432 111961
206973 558963
983992 197026
948940 18828
929981 646243
375297 138441
111190 506472
818507 687354
206973 396366
945616 909006
761762 90672
471455 768325
349268 694458
50116 516836
674391 439072
982002 297
596975 901998
355607 198656
761762 861058
469676 51524
827188 610465
648281 497118
427040 202550
398992 703602
743512 752366
818507 584373
646234 379797
471455 284431
13728 192883
596975 250160
761762 937376
109071 694209
332587 134623
827591 841217
408770 928755
206973 661467
426436 509168
741983 169550
893069 801916
344188 271932
414899 620180
76121 632951
945616 208274
206973 340219
497241 694441
813855 629883
111190 893363
798030 334612
945616 713467
471455 282032
471455 927669
206973 447303
536057 33859
206973 109523
314168 397386
589309 684761
502920 260570
398992 194584
383929 364651
314168 327843
332587 939011
761762 394710
306392 656904
206973 333673
44269 800622
355461 248904
248960 143722
697693 277880
792252 325909
794090 176134
369899 877440
937346 491314
754284 789215
491883 295768
159077 530141
369899 604022
552405 939773
222382 387481
596975 847377
403952 485258
344188 151049
403952 733163
414899 562857
206973 580379
560339 177159
748707 448735
206973 953337
375297 586431
306392 252966
333398 85582
881158 349984
536057 723523
206973 990193
395187 450231
478 261948
536057 233998
349268 634003
248960 754578
50116 306663
761762 212436
613432 799013
26640 662281
697693 797638
893069 173780
818507 247004
206973 84405
383929 606321
432523 27783
383929 569004
326513 987975
228824 99456
957919 698183
355461 238977
957919 599462
50116 384123
630840 751301
379654 11281
55778 627441
743512 298290
741983 873596
723355 633272
761762 181378
869122 437145
827591 803574
743512 254378
375811 231512
206973 451535
536057 244045
983831 731614
206973 714638
284158 509832
426436 730901
248960 467545
479149 704155
375811 717895
743512 923087
349268 584504
983992 305069
540340 469972
564862 884121
552405 95908
497241 442423
710154 11365
893069 808444
206973 291467
694323 822066
983992 912171
375811 981603
398992 883774
596975 601545
435512 192225
755660 352797
741983 452387
126387 223097
55778 248960
869122 724208
697693 144291
818507 246568
491883 636221
751887 398633
471455 590769
206973 518411
414899 84159
397386 930713
929981 885705
354431 847719
746752 555566
206973 313396
349268 138432
369899 447348
152558 434330
929981 562866
697693 384823
646234 887004
152558 840456
267818 909714
267818 101111
147670 384221
426436 875972
983992 656232
648281 497766
827188 982002
398992 1648
427040 25011
827188 961904
159077 65400
328503 595278
398992 61326
479149 244729
206973 203661
741983 309319
414899 841678
375297 917445
88300 633690
206973 579886
818507 882675
32211 743722
152558 915857
536057 891287
206973 620962
369899 432523
761762 486693
398992 805586
666624 502575
761762 706627
206973 711987
929981 475093
131233 302961
810095 864022
147670 834863
697693 780430
102075 380691
962622 492154
929981 694646
138100 449754
743512 631533
601148 827591
206973 34536
471455 155367
50116 972869
596975 36151
741983 261239
827188 570900
147670 216638
206973 543368
375811 647340
983992 706708
32471 83383
893069 57791
375811 216774
147670 506573
552405 137187
383929 728231
697693 683139
675174 62391
414899 91700
414899 351062
646234 679929
248960 158481
314168 806057
206973 985810
536057 371441
751887 396001
138876 882946
391987 589893
479792 981149
962622 278522
326513 164391
206973 865843
55778 238500
948940 70854
414899 738983
143722 616917
68729 307723
50116 675212
426436 559276
349268 379489
383929 74616
206973 853975
375811 599157
234875 524241
306392 643739
45793 873277
945616 222382
536057 21715
369899 275110
152558 74410
414899 341931
318157 621056
681113 738950
375811 449724
326513 918959
306392 386417
502920 376470
631099 850410
206973 178015
810095 878118
355461 415351
746498 207280
540340 561491
326513 941420
479149 203352
369899 29890
369899 675174
206973 817770
810095 758880
111190 545746
151643 900761
982002 131233
697693 145632
983992 242161
306392 694744
206973 851081
328503 40900
398992 194100
982002 59535
674391 201957
497241 433057
630318 442220
403952 711527
743512 622065
33096 414579
151643 497805
560339 883087
349268 775892
395187 816934
491883 318456
630802 359520
328503 425326
398992 856786
76121 358346
980119 325228
564862 540689
761762 929380
199817 167967
232369 724747
45793 918743
414899 699855
248960 741382
648281 910870
533543 679449
630840 151643
794090 405128
206973 386511
743512 807980
395187 800654
471455 422356
159077 859647
349268 87843
646234 197160
427040 368229
414899 50972
697693 771666
32211 72615
73274 406294
471455 686444
929981 305781
646234 635421
471455 622161
983992 159006
414899 290633
697693 606671
613432 794090
151643 852279
391987 788226
248960 530730
32211 182079
631099 683151
723355 556514
754284 28268
761762 482641
152558 697018
318157 77335
55778 648281
613432 101250
403952 382025
755660 374140
58350 346303
813855 745950
248960 468272
761762 442985
206973 254838
568357 721522
929981 322110
560081 731408
152558 986565
630318 806402
980119 541600
44269 671696
206973 590142
375811 213526
881158 768654
479149 408466
630840 91438
497241 157960
326513 678743
838304 486346
395187 679140
306392 979040
979040 628567
32471 418135
222382 586597
332587 271972
741983 114267
427040 138773
761762 905006
206973 474087
715039 152720
126387 694271
223300 696957
369899 745096
697693 114732
596975 919572
743512 737549
536057 359497
68729 297693
375811 722180
306392 415940
159077 505513
152558 520870
55778 369283
159077 620136
792252 166188
471455 57195
543218 394581
414899 859790
613432 368530
982002 276549
206973 135362
697693 792824
646234 973832
596975 264894
414899 147655
431634 930039
761762 667413
596975 153213
306392 910277
478419 16521
613432 355235
601148 136130
810095 963573
414899 941017
76121 962504
44269 7539
276359 216667
469676 283401
375811 14916
398992 629478
945616 671507
697693 239294
863141 575841
818507 917630
937346 628533
536057 774138
206973 15974
929981 195927
479792 601665
723355 712498
723355 605931
723355 921441
206973 124324
206973 746498
502920 651712
536057 575573
771960 615955
937346 479188
747300 182897
355461 968986
761762 309240
810095 632911
747300 855225
401121 899849
675174 645452
502920 766033
152558 166288
792252 777001
945616 821170
982002 127064
818507 920171
743512 458225
206973 994680
248960 12355
414899 255304
743512 989264
478419 813499
491883 390112
792252 263630
536057 295676
395187 265795
892500 754102
761762 851068
715039 773152
414899 828121
741983 879012
596975 988163
596975 847109
893069 344125
552405 325435
375811 786648
206973 644893
414899 963735
696374 216120
479792 500544
398992 971965
427040 23739
929981 18826
165661 209818
159077 666624
304751 458242
681113 395163
743512 734295
111190 732224
471455 26909
630802 762690
398992 128306
414899 947026
206973 810064
645132 223436
743512 490351
206973 589240
471455 762485
982002 987420
983831 214180
982002 590248
983992 233620
337708 290209
355607 909084
479149 24615
502920 924372
471455 37309
469676 771960
827188 838961
818507 692840
761762 973813
398992 912116
76121 746984
358346 783778
314168 508934
751887 385827
206973 825045
432523 3191
478419 985750
248960 21533
44269 927447
206973 983440
32471 656526
314168 227595
206973 177417
369899 899250
741983 973304
375297 641583
983831 534847
427040 23218
536057 716078
980119 29321
435512 58022
33096 423870
408770 304346
328503 640689
794090 841332
398992 138100
152558 293419
646234 300824
979040 454650
326513 740117
827188 895370
613432 272328
349268 866564
391987 403399
746752 538972
579448 438627
755660 223300
552405 779932
131233 217196
332587 281122
743512 375352
232369 525190
929981 926463
32471 742301
332587 439867
383929 3420
697693 587586
827188 721727
675174 569842
479149 142792
596975 56826
893069 932219
360719 974245
314168 470419
478419 858511
248960 390564
344188 791355
432523 471984
84159 649880
306392 273985
491883 727026
44269 638016
55778 522596
491883 87256
414899 503933
761762 95873
334612 307194
248960 977109
479149 567917
206973 580078
723355 513444
395187 660170
414899 702543
761762 355737
497241 750890
630802 880478
741983 922524
502920 168034
326513 78012
159077 586819
328503 792194
747300 207229
536057 739257
375811 288986
491883 365318
50116 102775
44269 759633
369899 214906
383929 757335
206973 160911
596975 116203
533543 573834
44269 805520
206973 339752
206973 945563
697693 847124
152558 873951
326513 558060
44269 616994
596975 345557
983831 810015
479149 282172
