689190 974269
177340 624711
19668 363278
747757 652944
788354 387221
355107 950797
431279 835224
206569 795273
431279 142593
277370 325443
341050 722730
143642 726691
408940 21289
574745 41032
758687 22779
206569 351082
242657 547415
42614 662266
530811 695408
522009 276733
106193 643453
498739 785374
530811 309394
692600 643359
402705 149457
42614 578760
906827 290631
529546 905178
890507 720817
468352 992746
106193 835533
788354 373356
574745 885055
529546 317655
906827 306452
103912 626708
124183 301840
499452 428903
773257 873412
368916 790737
375336 909767
65289 853792
890507 766418
787382 704905
394673 457004
650769 254303
143642 51592
654605 444299
399715 555501
106193 548946
402705 498473
725476 550177
481808 138559
41862 174492
402705 734504
39863 957805
530811 77742
229406 573817
191267 100963
422620 132416
321396 312954
431279 303153
111320 874362
472151 356335
511567 394390
281722 677738
348264 544469
218141 454986
816385 921549
144048 422414
143642 363298
574745 294280
124183 551832
42614 815684
654605 681558
650236 757804
551135 189305
402772 875735
959572 725719
308496 698470
499452 855648
458067 159324
143642 235160
389138 941738
144048 266905
177340 206569
237549 387547
177340 390014
294187 310841
426879 915258
326213 231231
228471 16828
144048 733539
652056 550844
74299 915556
295765 123991
308496 872027
19668 133027
624711 196055
389138 16091
689190 378511
144048 103403
177340 790717
50494 937272
144048 953182
124183 347346
348264 963220
50260 422758
228471 606184
326017 872600
237549 314942
924188 539886
920462 8143
229406 632174
177340 366228
870114 538180
402772 865321
355107 268475
321396 730927
920462 501238
106193 110047
143642 161757
242657 19313
321396 465491
28209 562183
106193 668071
257544 174483
368916 334697
959572 777516
103912 374599
481808 955171
468352 624343
498739 732493
389138 603091
551135 235604
551135 281722
42614 26869
458067 2986
731106 663174
237549 836142
28209 159368
659941 24402
281722 405997
920462 567742
284227 697881
812586 63109
146671 181731
570276 722634
522009 947138
654605 670604
168374 153884
550470 523516
724678 106342
399715 763099
816385 863536
468352 563975
168374 544673
233228 457089
652056 843556
563005 528372
773257 470082
143642 923278
143642 778933
67974 179476
106193 582870
574745 244877
574745 951947
129164 249204
229406 182432
879574 194257
355107 571856
595725 222003
326017 926273
501063 608376
498739 786117
530811 805169
650769 212727
408940 30330
228471 96558
308496 834214
558183 217534
106193 290063
890507 281064
138094 33506
308496 975631
529546 276779
690434 896964
28209 74949
229406 788876
788354 188455
501063 717884
563005 386866
295765 41462
399715 74229
28209 959920
126462 16622
457089 105231
498739 921888
39863 501381
399715 495523
361827 259736
652056 199528
103912 660788
408940 177229
106193 968323
740651 639697
187771 462732
331339 142832
816385 731466
499452 435719
773257 28053
574745 739562
320366 752302
551135 555231
426879 218580
426879 863842
144048 319621
67974 457885
920883 544650
67974 218219
920883 16352
534253 453697
228471 105638
42614 673717
740651 499689
129164 65178
230366 117413
50494 212610
95716 567817
879574 760881
689190 459968
124183 520688
177340 873881
180205 235095
659941 126293
399041 459997
345965 638166
399041 396405
177340 636693
191267 661561
740651 431841
725476 182845
652944 513265
124183 695743
648662 702344
408940 230882
106193 252892
648662 725090
534253 800563
103912 660183
522009 455093
177340 683050
459149 835030
522009 65412
971907 659294
569775 251671
773257 925344
50494 939385
218141 757719
530811 307550
134241 35016
144048 830064
168374 396112
103912 314196
690434 113893
326017 710555
920462 431637
39863 220425
321396 919277
187771 691597
481808 69662
42614 881448
28209 939493
690434 24188
574745 34165
650236 783685
143642 292234
67974 897257
144048 26223
177340 335170
551135 496041
631061 738185
218141 541140
206569 227794
42614 576488
725476 938081
501063 952217
570276 836567
124183 217856
458067 100035
692600 663256
551135 795147
140811 563951
501063 741072
937311 543788
28209 22911
747757 550899
645788 418363
321396 48746
499452 176614
342570 114441
652056 578790
879574 894864
692600 188268
574731 523273
522009 491689
95716 31256
885927 974091
570648 851807
534253 570371
659941 461258
74299 269441
559781 757442
65289 533977
648662 955449
218141 434754
530811 592955
574745 402772
631061 321228
42614 306166
228471 779101
522009 931184
19668 348264
659941 587055
191267 955078
879574 217337
389138 637497
530811 773930
534253 48385
570276 958572
530811 53085
95716 518053
320366 583509
747757 267329
308496 706997
129164 38160
187771 434505
431279 510837
920462 382343
906827 295693
42614 541870
575604 119374
320366 968815
402705 342181
773257 685454
574745 584052
724678 812264
650236 997884
924188 421218
106193 369538
652056 694596
816385 540936
648662 676770
345965 57568
920462 731482
920462 341050
468352 126462
177340 795218
143642 317310
399715 704082
95716 986750
920462 764071
816385 188813
550470 221483
228471 303498
124183 647979
551135 692841
111320 424962
180205 31177
920462 73577
530811 232504
321396 690420
459149 350542
758687 360714
143642 850351
740651 623391
659941 283584
257544 229550
522009 607972
42614 413342
431279 243184
67974 122744
563005 527
177340 612213
191267 783908
42614 739444
558183 375165
197430 540675
725476 596498
95716 628836
143642 565439
308496 177887
331339 72011
788354 808185
692600 151282
788354 751573
468352 797619
42614 780462
426879 84013
165325 522519
242657 425933
773257 855145
187771 906930
237549 648313
559781 14185
41862 581424
144048 222103
652056 209962
458067 25762
242657 467934
431279 667512
501063 278897
788354 447839
129164 727521
650236 799500
129164 161322
924188 484121
402705 717383
308496 878495
604457 370098
812586 362860
650236 342765
920462 140522
773257 366258
959572 96435
65289 172157
534253 222590
431279 991877
106193 335280
787382 201300
95716 799021
871945 892527
631061 104630
399041 66918
747757 856034
499452 103782
326017 624604
659941 484251
788354 312158
345965 45394
890507 886539
924188 687475
321396 284334
689190 480384
530811 16094
431279 754308
237549 635813
570276 23917
95716 610459
854449 467962
146671 914105
143642 557071
191267 448975
106193 217934
854449 646311
431279 289677
42614 74043
218141 197986
534253 144610
690434 216471
106193 585248
574745 230132
438556 575987
501063 762302
28209 414525
574745 746834
648662 729640
650769 295059
816385 624162
845398 697994
320366 765644
168374 532983
237549 115562
229406 235527
654605 72521
28209 950695
431279 639601
144048 145831
431279 41862
920462 35133
277370 536439
144048 920543
690434 566507
574731 871543
709160 331390
65289 144008
654605 714619
690434 179537
321396 82309
511567 738746
446597 94764
747757 644224
971907 76385
144048 280158
624343 969810
689190 361827
725476 151785
725476 145820
126462 99921
48024 202275
659941 395097
197430 508891
124183 910076
431279 63541
134241 468571
843397 484265
65289 734643
558183 121426
971907 876318
42614 795225
924188 707708
28209 332615
197430 748457
103912 195985
180205 158431
595725 320683
321396 83732
341050 930302
501063 510084
402772 531142
256 261004
18679 229047
341050 413625
530811 911337
816385 184504
308496 73865
595725 742988
105638 983716
368916 221089
321396 837407
42614 515667
650769 184160
95716 228042
920462 758687
402772 459683
577092 107886
659941 452413
342570 81924
277370 10717
725476 251184
228471 442193
816385 825049
326213 605583
143642 16193
890507 274414
218141 269318
631061 701232
42614 840538
529546 170024
332769 49327
650236 169850
559781 942677
103912 911269
690434 581067
559781 86072
654605 303963
740651 35876
65289 298802
242657 667392
144048 177685
67974 5303
457089 43588
446597 371213
42614 575536
106193 663143
534253 997175
129164 798827
142593 696596
587557 290762
773257 322005
242657 117373
187771 415586
787382 286118
19668 757600
165325 538307
308496 966988
320366 75053
28209 295832
890507 706540
959572 177653
692600 747057
574745 77357
67974 817549
218141 515146
788354 499480
144048 560686
103912 591369
230366 359540
624711 441156
103912 524806
242657 995058
709160 644864
50494 82033
168374 808198
690434 372707
758687 476114
574745 761879
408940 23903
229406 123597
481808 741151
530811 436408
890507 329189
129164 300843
906827 348197
773257 428152
924188 48590
66918 699693
326213 203963
197430 970951
631061 911392
709160 240696
885927 685360
112116 759851
574745 982858
39863 171266
522009 60980
144048 920883
95716 938461
143642 123634
654605 371313
143642 682634
168374 892667
426879 831749
874018 481756
144048 201893
402705 330525
50494 46317
574745 759179
143642 159045
389138 717218
631061 496171
341050 528850
229406 257724
725476 608136
402772 940610
368916 397728
511567 73460
501063 785312
39863 737362
690434 14886
39863 359768
648662 462692
725476 119288
237549 713017
396112 213121
95716 424557
187771 258586
320366 198310
468352 241192
959572 265842
906827 917202
144048 431617
690434 562144
645788 677357
854449 830036
575604 521661
569775 174583
352199 595082
144048 44328
569775 796724
103912 745341
39863 510878
971907 308507
574745 167531
95716 587759
843397 208654
773257 537886
511567 356284
431279 658279
924188 990996
197430 431612
39863 969022
399715 149606
551135 784862
773257 44963
725476 229185
654605 317028
229406 180100
788354 650080
551135 811373
710555 630653
331339 250962
574745 511567
692600 327486
654605 817007
129164 261723
257544 467267
242657 777250
95716 416193
408940 340867
144048 535961
402705 867608
142593 618677
501063 953631
237549 89638
228471 335921
879574 367027
402705 440273
284227 623672
654605 688013
321396 654147
218141 305380
481808 236129
228471 313036
308496 958337
42614 904133
787382 201570
42614 158851
177340 680697
218141 862972
890507 853550
229406 203856
229406 658596
242657 874135
348264 76077
426879 984852
281722 682004
177340 39848
690434 839839
187771 349844
326017 5259
187771 552903
242657 354491
348264 404754
42614 690962
53085 462219
906827 702205
143642 983644
284227 431813
321396 914178
74299 72506
168374 271467
284227 652436
281722 664248
355107 438370
129164 778942
341050 23327
812586 665796
522009 765783
318956 767825
348264 908659
389138 323227
66918 682346
144048 849192
42614 432235
812586 472541
446597 161888
563005 706704
812586 272820
144048 165165
645788 270926
165325 972183
530811 95180
654605 457
197430 727064
574731 587187
692600 334111
355107 373996
295765 121642
522009 579637
446597 874417
39863 39337
650236 198741
144048 143704
321396 811421
399715 54079
426879 53879
426879 535504
103912 121608
725476 370271
237549 180414
727478 329681
345965 674389
645788 295491
168374 515248
652944 850417
321396 343260
294187 723405
281722 347556
692600 809054
218141 556906
659941 761110
320366 699162
228471 83807
559781 714630
138094 116556
257544 603543
228471 93532
559781 342844
95716 834172
341050 243072
242657 322367
95716 469587
103912 631023
143642 145354
659941 484665
574745 610566
559781 760768
392813 89495
389138 151204
559781 482189
816385 217985
177340 432263
955449 510026
659941 683
242657 635023
574731 508163
321396 153422
481808 187885
321396 738496
631061 289987
529546 94046
242657 228882
845398 119706
692600 952303
191267 980991
331339 211890
569775 140435
812586 289329
187771 42077
569775 870114
595725 527585
530811 489482
522009 575875
277370 630417
574745 276451
342570 742624
242657 690707
106193 746025
631061 385193
129164 368756
106193 620003
320366 661636
639495 340953
920462 343075
747757 872362
689190 285365
481808 997880
42614 960255
284227 472151
574731 570648
758687 414928
920462 179815
124183 396763
920462 108844
95716 272372
462219 931705
816385 810436
106193 84708
218141 788632
534253 214297
529546 675259
228471 297459
368916 840868
242657 926289
144048 949484
42614 113102
530811 414559
180205 931054
177340 82071
206569 624086
42614 828632
389138 578720
459149 289723
624711 185458
773257 120156
559781 834586
191267 207980
689190 389138
570276 43726
402705 366059
25762 460317
180205 141941
42614 315067
713017 66315
648662 489721
67974 600332
242657 256899
498739 846637
704092 997400
180205 936528
725476 440650
481808 821092
650236 625575
692600 545252
874018 325508
402705 866245
67974 276333
237549 378094
165325 190911
345965 110048
426879 479070
587557 499566
281722 572918
218141 19375
788354 868082
690434 422457
530811 376792
326213 847492
257544 691133
426879 660959
574745 252081
511567 532472
197430 729740
143642 964061
103912 81559
725476 833065
522009 466916
574745 294187
294280 961090
50494 920762
534253 869791
242657 771859
709160 758436
237549 559895
144048 235420
106193 727157
650236 287360
725476 793254
920462 663064
138094 327522
129164 906187
106193 268242
725476 519556
631061 437774
217534 978228
187771 193414
228471 530820
177340 836767
652056 223050
574731 20693
773257 753334
165325 53104
368916 428987
326017 188934
103912 497871
326017 996373
144048 134453
237549 950433
42614 507075
144048 877496
242657 55495
165325 621683
177340 355107
577092 470301
563005 396822
551135 361469
389138 189799
308496 431668
321396 780216
308496 928252
692600 203744
242657 588412
530811 179951
124183 531040
689190 648954
431279 441345
257544 871836
326017 1728
389138 85271
924188 803585
161888 176503
402705 388171
431279 204423
650769 348571
144048 327430
747757 726833
180205 691588
885927 155351
396112 870484
392813 183570
551135 864192
773257 375016
191267 464642
326213 392765
530811 320856
146671 852508
295765 828829
67974 314220
321396 524134
874018 215760
326017 675940
574745 173104
331339 359097
65289 232327
652056 262279
624711 318282
816385 924405
237549 320644
399041 59397
168374 902809
355107 480111
19668 781704
426879 651759
294280 724716
143642 832036
180205 363116
719548 183291
559781 656716
446597 332450
308496 184941
308496 530694
719548 554696
28209 402112
399715 916809
890507 523100
499452 758447
530811 431109
499452 499130
530811 673285
389138 224961
143642 193366
191267 430835
570648 501158
165325 690156
65289 393658
408940 3058
812586 205975
177340 510687
574731 71738
95716 752490
650769 336195
257544 863344
971907 714155
654605 688347
326213 522575
648662 930927
138094 366533
446597 925171
144048 933859
308496 609855
854449 463634
788354 956466
308496 872223
206569 5264
890507 14328
559781 602337
816385 995564
529546 633149
692600 824122
937311 536756
341050 325211
389138 131700
559781 286636
50494 941325
326017 726598
402772 19944
563005 74325
788354 193451
103912 182648
802926 311751
389138 869364
144048 37224
50494 267240
218141 503121
229406 297809
604457 456365
342570 949229
242657 340926
320366 561722
574745 545212
103912 174207
650236 750312
431279 834741
42614 501133
692600 219877
906827 2644
321396 146829
747757 424138
402772 735709
418363 907744
143642 611896
345965 285779
563005 465411
574745 663906
177340 671028
570276 621167
124183 205781
242657 508621
129164 373431
924188 456792
229406 487312
654605 742800
499452 141306
389138 444625
659941 938217
551135 238435
326213 400851
812586 118896
95716 462783
845398 998793
326017 851495
375336 846604
320366 371712
187771 323953
816385 493368
138094 314780
197430 284317
42614 379865
295765 789414
19668 380213
103912 639495
481808 23945
501063 68305
229406 352885
19668 145188
67974 250262
631061 786559
345965 135030
308496 760097
191267 937306
165325 932334
143642 591603
740651 865868
577092 749576
402705 940985
321396 372893
511567 750732
645788 79174
65289 583286
399041 539385
