758541 621912
84988 710924
683757 765256
183446 280676
709674 196931
265166 77888
654970 599765
181116 45280
424912 690887
549757 772070
758541 468853
462046 314765
703309 447846
273636 870160
863000 475933
746460 775575
232810 278703
787733 643703
672874 461611
80751 636407
822823 901656
872504 624035
642705 442713
562519 950746
189473 609832
424912 536980
198123 794784
645660 37308
695490 885737
285685 570189
463847 218020
259283 908516
907377 29517
680684 1711
80751 228264
854986 119815
776106 313084
935942 50488
872504 188144
273636 873630
672874 272080
159963 666160
163077 8172
277531 695164
562519 326715
978323 362100
850 56070
465174 209613
562519 943769
810252 223747
465174 869362
808388 267479
918010 47819
716378 109248
163077 252026
570072 582008
77719 222937
704510 31608
654970 51726
277531 370511
822823 269308
562519 741879
239067 886392
499897 420618
193806 615237
532802 444477
854986 553497
499897 166463
18770 349862
379199 949783
535347 397224
695490 8588
707779 458547
889473 212893
19189 847665
33640 556485
237596 389026
462046 101839
787733 729613
261003 320615
285685 638678
562519 663933
21330 507308
497880 116116
739181 508734
432094 119136
672874 835811
393054 643019
167987 916718
448583 129625
232810 805227
134723 433515
707779 517941
259283 910390
979027 368759
535347 33095
463847 974946
468102 985650
758541 294370
182043 270879
189473 900844
76112 496213
642705 31279
48191 632726
134723 127646
183446 652931
285685 423489
163077 224457
739181 738673
891984 400518
772122 142299
335919 918733
183446 740070
872504 771336
544320 141709
312563 481666
645660 696549
218015 208126
312563 318030
199546 935534
730225 765658
183446 37035
683757 350863
237596 860938
385483 80683
134723 6164
159963 937172
963486 71981
891984 856744
978323 907332
74401 184158
765030 903729
451330 226614
905321 363731
77719 122137
189473 56044
854986 222046
379199 245042
910390 6460
963486 572536
854986 863268
514189 179444
382272 325166
27693 681607
562519 482266
163077 354675
432094 342335
535347 171960
155962 436759
366626 344571
744080 374572
863000 293170
278688 230363
981436 865719
856182 169971
514189 367644
21330 323579
259283 214767
549757 744553
978323 519233
787733 117711
808388 468307
226975 533458
61681 773395
808388 992390
424912 657888
322930 764957
709674 944798
385483 347174
33428 516920
226975 164935
645660 3252
366626 403863
191845 358238
642705 345146
758541 805735
346494 319413
462046 480121
277531 530800
191845 534812
265166 594916
167987 242975
822823 600907
564193 502467
905321 269331
757195 496336
905321 68182
43509 131774
704510 35221
575302 782758
499897 462965
894985 776539
716378 954493
575302 481185
935942 77260
893009 949406
979027 968240
22713 610998
532802 710523
716378 225282
772122 863998
603001 410960
265166 383526
564370 934846
963486 174334
277531 367168
499897 41732
803732 661811
43509 731697
557671 404946
259283 665693
535347 209928
193806 330208
905321 540200
432094 705738
312563 943925
758541 324814
312563 625163
535347 29519
18770 438776
259283 363036
549578 840272
451330 837028
772122 674203
782656 386206
463847 940858
918010 978150
451330 431826
497880 133348
636913 630354
704510 938030
908760 219315
448583 32783
366626 494040
335919 632442
856182 876946
462046 582006
277531 989476
284074 111876
19189 332108
226975 983227
808388 399966
514189 526664
46963 162480
979027 618284
642705 184450
711967 269019
237596 43638
183446 869630
803732 479338
850 315389
905321 860721
265166 155613
935942 312390
183446 174243
448583 485971
19189 796450
463847 260411
493885 76013
905321 275610
43509 582351
855222 413469
404550 21852
259283 833192
27693 841704
683757 940406
603001 618776
703309 412248
654970 526974
273636 538509
258029 10824
181116 90377
191845 46173
963486 195791
535347 71429
462046 936405
971570 630002
654970 495597
765030 267557
703309 622098
683757 401103
322930 631241
208923 350125
33428 121268
813950 109444
603001 795315
703309 709599
159963 485770
856182 773370
180320 288608
870396 356539
645660 767392
907377 219177
163077 555309
760940 196881
935942 262670
680684 263404
603001 956414
265166 299570
709792 67355
716378 53952
159963 424198
90377 680030
810252 895605
191845 78839
19189 779605
872504 418889
568853 223311
642705 921806
683757 892814
285672 347339
273636 524025
568853 710369
448583 693850
808388 526832
181116 858842
285672 968955
159963 358741
74401 519086
935942 38483
43509 395489
274274 391003
905321 499579
891984 592240
277531 27795
907377 982351
226975 499897
907377 112626
603001 128647
610202 111889
183446 511846
907377 525289
642705 688390
155962 69274
385483 546963
379199 216046
813950 220501
27693 875948
850 563787
259283 364342
603001 28558
21330 387301
570072 232740
183446 55353
18770 951828
163077 565099
163077 267132
43509 891453
379199 278336
772122 409514
265166 802247
683757 99506
555818 379557
465174 393054
189473 688334
672874 904004
935942 389464
907377 663952
568853 165808
603001 649726
918010 455796
905321 759377
285685 230960
239067 246602
163077 535014
325761 370668
683757 258029
199546 959941
564193 807577
545368 898529
568853 626330
787733 180320
863000 473003
787733 461111
935942 226864
259283 716191
448583 253498
905321 604305
285685 102866
603001 683308
432094 459739
907377 854986
335919 689635
963486 190887
19189 438654
159963 817014
285685 443332
711967 513322
285672 297655
61681 224716
327567 701003
707779 726125
532690 386304
514189 856801
167987 899700
134723 190463
672874 843273
905321 478971
765030 87672
808388 992176
19189 431481
234718 739281
21330 591133
772122 714359
963486 398802
499897 230969
451330 388890
33640 750156
19189 849754
907377 336837
259283 780801
273636 193806
203644 367026
285672 141375
191845 162493
839281 963760
349608 818969
918010 948947
424912 759287
322930 278337
918010 858487
758541 937373
891984 470585
981436 328576
77719 210140
43509 507292
159963 57295
181116 366649
645660 228983
180320 730365
77719 9986
134723 743689
226975 295269
284074 618880
905321 903520
940434 583840
285672 336409
981436 774279
535347 178940
935942 669251
603001 341852
342489 649226
167987 589176
863000 334884
570072 176069
908760 500526
787733 639527
971570 544521
782656 391164
312563 271158
808388 234063
908760 849851
27693 381315
905321 804406
758541 533672
183446 598350
603001 352841
278688 641435
228314 341175
570072 900088
21330 201228
683757 709792
155962 781175
535347 533118
21330 234804
808388 688937
716378 884511
575302 826817
562519 435702
765030 819896
907377 466784
549578 162943
33640 360118
709792 356998
167987 410754
562519 706327
183446 114786
322840 637092
757195 142947
237596 299745
76112 419032
259283 93847
979027 749356
385483 227223
535347 514189
772122 788732
645660 857579
905321 355143
905321 357823
776106 74550
265166 284074
19189 906376
448583 84726
46963 332009
424912 723835
259283 769247
905321 525126
645660 407191
535347 265500
259283 769547
424912 895821
448583 82912
74401 31963
180320 944903
189473 86787
535347 451818
772122 525617
850 929352
312563 203644
709674 576333
694308 430826
680684 450334
810252 65480
707779 59171
810252 402853
33640 719685
180320 94956
703309 911121
645660 672240
893009 384536
77719 375383
856182 77809
855222 576148
907377 993329
694308 293018
167987 809247
514189 220584
758541 302089
865214 102727
642705 910367
758541 111044
462046 990007
535463 403149
11951 950829
703309 570160
239067 313581
822823 229950
33640 571744
850 408117
76112 882316
18770 363232
568853 20211
259283 946454
655363 417580
683757 252591
672874 758281
963486 724548
709792 328886
33640 832439
46963 903490
549578 436807
383441 717813
382272 541308
259283 438436
636913 139872
167987 547791
787733 389203
226975 362727
709792 108841
703309 304983
228314 390035
535347 790375
259283 329864
695490 8000
645660 240384
808388 12772
760940 794640
979027 508024
335919 53786
704510 282726
978323 128734
863000 862525
74401 22587
978323 690588
61681 240502
535347 321950
273636 312649
739181 51784
905321 602609
285672 653822
424912 91614
193291 731159
379199 682255
19189 239324
159963 627112
855222 58140
772122 22681
935942 763973
716378 188777
420618 611159
709792 526536
232810 438912
189473 990603
716378 405943
163077 870716
562519 320477
695490 160299
855222 764828
134723 172395
808388 409957
855222 354407
366626 474113
905321 553726
694308 755605
259283 225383
493885 537608
645660 274096
265166 457914
855222 558803
787733 110951
199546 567586
645660 460126
564370 260312
562519 424079
850 218015
76112 346393
43509 235139
312563 128140
312563 529823
462046 25736
905321 307843
694308 103332
465174 897824
822823 233875
642705 647004
325761 107411
855222 171836
432094 658570
772122 276532
568853 124720
285672 63071
312563 383874
46963 865849
535347 162834
694308 299777
680684 62502
863000 606729
451330 674035
61681 11632
493885 489715
935942 345774
971570 133043
808388 77719
757195 792314
237596 701063
451330 129369
163077 307063
183446 97736
549757 699954
655363 756188
981436 724840
549578 535412
642705 705572
19189 770893
33640 908923
424912 5464
822823 44234
776106 451733
854986 246781
159963 355490
113538 907948
690006 662271
905321 375754
963486 702848
850 442024
486248 897797
704510 903827
808388 850931
191845 662400
557671 624444
690006 650545
74401 928690
199546 535766
33640 289012
191845 861790
746460 355885
562519 359366
535463 671146
981436 54123
683757 213530
905321 301612
432094 203027
265166 223896
979027 431505
385483 895307
765030 232976
636913 83018
285685 992359
183446 346553
33640 134950
963486 515635
22713 541155
971570 615856
768873 962665
979027 198178
570072 519739
711967 414929
198123 150706
839281 750324
963486 949856
744080 228781
163077 29309
325761 233524
385483 77251
344455 879899
855222 760121
555818 458830
910390 436028
33640 167830
535347 993213
672874 64897
285685 557038
776106 167932
277531 675800
765030 444014
497880 147249
709674 115175
335919 529720
564193 514164
274274 290079
284074 480837
22713 164561
654970 265612
808388 676891
90269 532802
709674 378751
568853 838272
273636 21469
758541 200679
385483 559934
765030 653624
963486 666387
889473 974040
77719 304618
709674 319063
277531 40112
889473 210120
21330 691495
787733 591609
910390 54284
839281 828508
865214 960149
499897 102589
557671 798391
273636 963486
872504 73657
322840 624570
808388 80583
642705 840743
499897 210307
570072 171130
327567 968468
694308 868214
155962 701344
43509 252714
193291 310284
344455 310731
181116 837744
189473 626651
18770 542850
940434 691758
535463 507559
183446 940281
716378 485051
189473 237737
21330 631548
695490 58999
535347 971013
163077 38900
850 677306
863000 553114
716378 725722
499897 569188
132652 156005
424912 453967
744080 210322
448583 963367
872504 410911
573552 890906
74401 843338
776106 935982
549578 460860
555818 91487
645660 613816
372063 651724
935942 13532
757195 888129
937352 830896
21330 609259
642705 528601
889473 966969
198123 919517
322840 679677
872504 800295
335919 175726
191845 134522
159963 979426
564193 412714
486248 234718
499897 99928
342489 100184
193806 17846
424912 108908
366626 980207
963486 476306
463847 250558
535463 225534
183446 988331
709792 835908
575302 993217
277531 87616
43509 63078
918010 46778
132652 903359
772122 842004
91547 498269
716378 940867
603001 780805
918010 197881
33640 15280
499897 421330
198123 730350
155962 76639
385483 130355
758541 160554
549578 923609
549578 98396
765030 698728
199546 948129
695490 529931
716378 317866
854986 828740
18770 936940
80751 919187
905321 209474
134723 196046
557671 718301
180320 858363
935942 980545
746460 956948
325761 36808
198123 179893
808388 333897
70618 321420
765030 828539
499897 538152
191845 13093
575302 219727
570072 133775
562519 603728
937352 818727
989942 419928
43509 603996
963486 234325
21330 131783
189473 438450
680684 16524
33640 372063
568853 69723
226975 615878
183446 338691
385483 345879
564193 21330
716378 837821
159963 893009
191845 550674
277531 302784
907377 811159
757195 529381
672874 42033
863000 298134
372063 626905
810252 787073
237596 900255
90269 266733
424912 231777
971570 63751
603001 939819
19189 655738
463847 116994
237596 806079
768873 281403
285672 835954
448583 428294
707779 373885
570072 306689
855222 861680
639969 757351
981436 982829
27693 121271
77719 698137
285672 452281
822823 20350
349608 522913
603001 841987
672874 583166
285672 963804
432094 634737
182043 895497
535347 413623
981436 914429
989942 267978
155962 78307
672874 351246
372063 605834
757195 293566
711967 108434
183446 692386
80751 338501
199546 883103
889473 987967
978323 793949
322930 20699
259283 54215
451330 854051
285672 945176
707779 462152
979027 978877
856182 870396
163077 356168
379199 254531
901656 949808
259283 498204
273636 430674
808388 236105
709674 53708
935942 675051
344455 693539
451330 507753
746460 759031
716378 630807
237596 864966
910390 389534
716378 801795
134723 652753
167987 23349
810252 730828
695490 35145
366626 325761
808388 706481
776106 861688
90269 343791
562519 547720
277531 986053
25736 782457
772122 883576
850 600213
642705 925989
642705 318669
43509 749920
385483 351629
27693 23335
259283 698294
163077 257218
285672 957629
226975 475832
909264 137934
191845 813053
782656 118452
285685 592901
448583 991509
385483 345590
189473 713097
854986 181115
237596 205254
564193 186257
822823 867294
134723 163356
935942 835845
808388 672864
610202 735182
344455 834940
709674 459356
655363 4328
971570 871096
132652 235286
21330 343273
963486 945172
935942 896451
497880 347024
278688 45431
535463 348901
905321 401044
803732 20865
180320 835312
695490 681668
325761 690535
232810 578801
603001 303748
697038 35813
325761 121657
76112 866097
77719 580550
645660 657074
312563 99013
277531 670380
694308 67988
77719 236396
180320 43190
598109 805851
385483 314214
451330 208889
43509 384739
180320 403384
810252 729120
265166 79920
963486 749432
564193 493219
850 862658
199546 36787
465174 719944
183446 424196
43509 567913
499897 965671
704510 360062
645660 72642
366626 177879
198123 554046
226975 66102
808388 856352
237596 130658
366626 76756
690006 425374
497880 31491
448583 654666
855222 504778
568853 731727
33640 365521
610202 123237
707779 679858
907377 591742
905321 757690
918010 718134
568853 851032
772122 345116
642705 531473
905321 130821
285685 877477
191845 203763
259283 104831
963486 587467
855222 351483
273636 767514
19189 425293
33640 265545
251155 23084
532802 252896
963486 785293
463847 923226
603001 870767
570072 583853
709792 330672
776106 318489
963486 844230
854986 722638
183446 11951
189473 756030
462046 514023
349608 902419
711967 348482
765030 857838
545368 716018
935942 160125
918010 34030
776106 887028
191845 254640
545368 255873
265166 47824
963486 701383
716378 198910
672874 726721
872504 941054
989942 601406
322840 434385
344455 99823
251155 530674
549757 455569
905321 629143
872504 440956
493885 695953
366626 208923
19189 897158
716378 141212
424912 280385
180320 455329
711967 250063
43509 866000
568853 312101
935942 968171
694308 995936
463847 664855
570072 391127
570072 220686
562519 462339
782656 232628
642705 854067
226975 545409
573552 806089
74401 515665
259283 349608
514189 641074
424912 343363
91547 186629
77719 264691
451330 55050
562519 315002
893009 499829
208923 453211
535347 114587
850 288464
155962 276701
908760 846754
907377 763469
277531 449248
134723 55819
765030 279088
277531 907914
499897 389402
865214 135291
683757 509203
451330 421756
870396 782961
709792 384039
907377 999884
322930 528975
159963 159570
80751 69689
424912 147516
979027 260063
598109 786276
33640 180951
963486 726443
208923 469622
758541 385483
768873 87556
322930 798131
497880 455902
265166 655363
391003 11714
746460 983807
963486 104411
744080 161446
822823 263682
278688 704551
514189 520982
746460 67314
134723 443323
549578 638626
908760 490349
226975 265243
322840 126909
239067 235362
273636 63845
189473 395277
432094 986461
189473 770254
199546 707797
979027 164304
33640 971144
277531 675408
697038 453554
850 31682
963486 765807
760940 938282
133043 687250
532802 33456
167987 345100
159963 382527
167987 861146
704510 568580
424912 541260
80751 477086
910390 380666
575302 656205
43509 91547
716378 633791
575302 544379
707779 230811
462046 817755
535463 94183
33640 609708
757195 720364
277531 533089
27693 710743
808388 798415
167987 973223
707779 736430
327567 619512
372063 543646
703309 337550
758541 700194
463847 394637
159963 785706
562519 951180
80751 244591
856182 809261
189473 508794
672874 747297
979027 143133
514189 53588
432094 368542
575302 472278
979027 135792
33640 241648
889473 374082
656878 221825
327567 754674
424912 656206
273636 312614
19189 597234
716378 640431
981436 47767
227131 492315
564193 322930
971570 689992
486248 270270
979027 322736
573552 561330
893009 317146
603001 888048
971570 646573
787733 397753
163077 176721
739181 650272
463847 546131
642705 650609
424912 991674
159963 156859
499897 257930
654970 853153
19189 787474
463847 711031
760940 289266
935942 691704
746460 380672
760940 46766
259283 292174
191845 250275
808388 624368
322840 240868
451330 17318
226975 58469
870396 444639
325761 292283
707779 864236
74401 806605
259283 999601
284074 128178
979027 213403
758541 790485
198123 404187
432094 681913
716378 529570
19189 490700
893009 126624
758541 853487
424912 210353
672874 167987
199546 964369
181116 234882
535347 553460
19189 323110
354381 434394
694308 876755
787733 987215
645660 803204
910390 601628
312563 695440
33640 785958
642705 170842
33428 437116
514189 47294
808388 277483
43509 818788
703309 567693
772122 695371
872504 316993
432094 922096
645660 557205
265166 375362
989942 143126
432094 301230
349608 469738
90269 247705
451330 585003
385483 389577
865214 601066
730225 924510
568853 324856
730225 405658
451330 794635
259283 411893
716378 846717
889473 582201
564193 227131
43509 468102
981436 325674
683757 920283
43509 970420
709674 619233
746460 442961
232810 261003
963486 794607
535347 608960
342489 245781
935942 661155
285672 787009
865214 507849
366626 40953
690006 171893
535463 106248
463847 715189
822823 231634
907377 835466
991068 849488
971570 322487
642705 983077
385483 259101
325761 782627
744080 530537
535347 181091
803732 577364
237596 861404
84988 942807
690006 168372
672874 784637
285685 480117
642705 929614
327567 232703
497880 972352
265166 851950
33428 844482
258029 888174
639969 774022
499897 764383
258029 822327
277531 346581
575302 545014
808388 841179
772122 124691
808388 650005
80751 658678
312563 173965
981436 13289
918010 48026
274274 916604
285685 975304
905321 103266
277531 871841
857838 884519
757195 794718
897797 827465
385483 851146
