779135 937265
37728 316721
297109 668995
661872 520789
230549 716663
256949 191688
998273 887054
418114 834533
711660 531707
444072 320936
270040 304738
359101 753345
12693 416400
71986 294432
959797 514845
312982 906906
297109 510865
886077 358855
359101 989736
540531 496043
418114 235424
886077 637349
381813 448073
173755 604246
297109 835672
790475 853268
297109 584456
312982 968395
868861 262360
142861 633640
71986 152015
586802 327623
89622 734731
521143 321448
136384 4921
540531 3208
289330 710419
200565 389897
418114 8363
359101 204214
418114 361684
312982 662777
297109 46717
790475 849240
142861 809940
43890 974445
312982 753340
12693 557188
661872 788077
289330 271328
381813 555137
37728 723970
886077 590119
297109 788286
9837 721120
576849 591819
297109 548441
868861 617757
89622 83687
381813 560034
886077 76427
737926 682602
590407 679810
998273 522327
381813 296836
359101 737857
228122 430497
312982 68225
886077 714932
312982 6503
270040 647475
381813 17439
586802 565847
576849 465740
576849 507988
590407 73038
886077 133839
586802 301906
312982 597338
200565 2902
790475 20740
467906 183242
256949 245216
12693 749708
373981 288122
270040 333199
467906 971962
359101 985728
418114 743973
444072 183410
313229 702942
89622 781062
418114 560573
737926 845660
590407 645849
230549 692604
381813 574896
89622 926403
297109 993388
381813 978079
711660 28315
230549 15037
959797 91331
886077 720082
418114 572638
297109 132483
745644 691557
89622 306687
998273 814680
228122 565007
359101 499136
418114 201101
576849 539364
737926 576150
576849 480469
43890 506679
37728 939812
142861 830980
256949 165036
43890 271918
711660 25401
297109 333830
230549 911207
228122 411189
12693 546173
256949 42931
886077 576719
312982 782995
540531 757315
661872 883967
418114 515069
467906 485004
779135 465692
297109 482807
745644 513743
418114 297217
779135 548413
256949 474026
12693 584213
230549 884120
381813 14325
467906 92283
745644 230227
959797 989506
444072 638219
790475 167760
576849 561870
359101 372058
89622 176281
12693 38922
418114 423411
12693 685985
576849 21714
270040 293244
576849 32745
711660 175197
418114 643228
661872 93830
312982 559753
359101 337714
89622 677749
256949 369494
136384 313541
142861 281723
779135 527043
297109 710979
381813 124316
779135 802933
71986 935515
312982 40287
858483 370332
230549 154895
142861 48841
444072 387007
998273 598890
586802 889763
297109 462247
173755 510938
297109 116697
998273 465236
297109 869389
790475 204451
297109 207282
540531 42716
297109 264120
745644 569550
418114 96054
727541 668095
418114 378328
959797 82765
297109 361134
359101 717832
998273 131793
297109 725390
43890 732326
418114 291908
790475 30850
230549 604835
661872 940569
540531 351499
12693 888417
790475 547441
983237 442493
89622 297261
871674 585060
381813 790266
790475 120181
256949 555404
200565 142146
297109 129133
737926 664352
228122 570572
228122 947313
230549 59083
418114 444218
230549 489479
418114 494387
256949 249584
711660 547037
590407 139706
312982 705150
359101 256319
418114 279484
381813 350008
228122 871776
297109 295499
959797 620893
71986 282260
886077 92629
482628 962120
373981 629522
586802 174227
886077 949355
711660 990252
270040 163234
289330 26859
727541 331678
297109 661159
373981 217124
289330 401552
312982 786640
297109 344632
228122 335747
228122 922276
959797 489514
200565 510484
590407 252947
576849 420689
444072 761923
89622 682185
418114 57804
418114 106398
381813 764947
737926 256949
297109 186442
418114 293099
418114 427798
200565 97778
142861 817704
711660 840765
312982 649260
506679 896784
540531 917981
228122 751198
418114 835027
586802 800892
444072 378470
313229 594546
37728 875627
779135 200565
228122 131231
43890 544541
576849 822284
482628 727433
418114 892738
297109 638521
381813 770920
373981 547438
959797 48986
312982 662918
312982 26282
745644 919790
576849 362883
297109 366355
12693 199249
482628 447966
998273 347918
418114 847501
779135 899122
297109 892048
297109 883410
418114 933762
727541 671501
983237 794805
313229 548131
136384 506291
230549 261342
89622 494788
540531 228963
230549 758572
381813 743841
779135 266140
9837 299565
381813 507321
270040 939616
256949 432269
89622 155331
450907 970850
51125 830942
576849 847223
359101 736848
418114 907908
540531 873589
89622 7514
89622 792614
998273 341652
312982 156521
418114 975936
89622 868285
418114 105982
12693 669445
513743 521143
779135 628038
230549 781726
228122 44308
886077 610235
359101 589447
359101 876223
270040 747979
418114 826827
590407 739882
576849 337242
418114 594556
359101 491692
89622 106819
12693 971111
297109 559961
297109 714657
779135 874325
381813 699038
886077 556408
297109 473704
89622 652142
418114 393928
313229 578850
228122 483619
12693 594878
540531 502883
418114 971791
886077 738893
312982 3333
886077 749342
297109 440455
418114 429967
540531 209496
89622 532150
297109 636223
228122 475292
727541 962905
297109 900408
297109 507040
89622 3066
297109 44519
737926 661872
359101 434659
89622 89573
418114 482628
12693 209216
312982 569213
230549 341230
37728 290417
418114 190079
230549 728884
381813 628219
790475 537596
297109 211624
418114 512647
886077 759989
418114 394354
89622 53773
871674 523047
661872 46177
297109 134493
228122 756844
136384 615657
418114 24037
312982 213562
661872 837012
313229 376945
136384 351792
43890 285444
959797 502907
297109 670865
381813 176128
482628 964639
540531 435791
289330 458995
418114 612256
12693 674254
661872 94164
359101 110939
359101 48627
312982 552223
711660 576535
37728 293515
89622 543758
737926 471464
136384 817489
228122 889522
886077 260981
297109 499459
359101 605875
359101 272386
228122 373981
886077 707272
359101 625864
142861 993392
418114 799068
359101 904695
89622 494636
228122 96436
359101 28379
586802 114270
674254 800928
586802 71986
418114 257216
576849 781430
297109 326418
297109 732131
228122 24143
230549 163300
444072 303247
418114 779130
790475 801887
790475 36614
886077 25472
586802 45656
230549 86700
89622 419093
312982 931160
312982 830899
37728 426174
71986 695165
418114 135980
711660 408936
297109 584759
418114 54409
136384 3549
590407 511316
467906 288983
12693 390692
228122 313229
297109 134133
37728 923627
297109 93940
922276 356197
297109 217114
297109 624467
711660 536557
12693 242838
312982 467247
359101 306863
43890 499397
998273 823783
297109 854835
373981 257648
297109 906873
