462028 253282
91073 9645
462028 115085
853083 187998
853083 346732
558629 461214
434130 987757
473999 702559
381321 701711
969225 183597
602821 923916
263363 975173
75411 870706
462028 239930
557090 128554
751380 874929
434130 44237
254543 841091
434130 906438
462028 480183
681887 382095
853083 350019
626935 139198
75411 475575
501054 656217
462028 454495
473999 42653
462028 155757
462028 201345
434130 44301
462028 601386
462028 979045
434130 802549
462028 941760
643602 827000
462028 662728
848514 540948
462028 777197
670697 72140
462028 106878
853083 757387
462028 266998
853083 812995
872495 422117
462028 278637
853083 338796
853083 224290
689509 804944
312005 263474
434130 567159
75411 609922
645792 942224
462028 58794
434130 286881
75411 43550
462028 287875
462028 972947
75411 945237
362324 132093
966868 269314
124257 120328
75411 613030
853083 365238
462028 660625
434130 745538
263363 923234
462028 606381
787661 58667
434130 635167
462028 776840
462028 205176
75411 513921
848514 249039
256318 596768
75411 491695
434130 858771
996546 974352
699055 793425
558874 174118
75411 698157
462028 59382
462028 211005
157284 801042
462028 271515
462028 529864
434130 187174
434130 683990
325374 281203
853083 908648
462028 728428
434130 918724
960482 615382
75411 743211
254543 933205
434130 795957
996546 93448
622175 601481
434130 969225
462028 568576
462028 616769
391077 599040
462028 152995
853083 91596
362324 997997
434130 213158
887807 243913
462028 537560
853083 952608
462028 512354
462028 740910
887807 302535
138990 51608
434130 937901
462028 69944
996546 838853
795290 324522
469613 438620
592364 284396
462028 61658
853083 40654
960482 307128
109956 277039
996546 718020
462028 267318
434130 51998
902506 758506
434130 779832
996546 903571
592364 138990
206041 646270
802878 67312
322878 817939
853083 973564
853083 61885
109956 583174
75411 880049
462028 413617
966868 333823
643602 695931
853083 721356
462028 743458
960482 869612
462028 533878
434130 585855
963549 265502
434130 979451
853083 818894
838075 333586
699858 929578
212746 826359
75411 699645
462028 367972
643602 614082
434130 397846
853083 144531
230819 350286
462028 337801
434130 292960
996546 447090
434130 842392
581412 662530
434130 456598
196814 50434
462028 868960
362324 937186
853083 977608
325374 176500
708832 972690
880071 935689
196814 421297
288540 367352
462028 890646
462028 682839
462028 918934
462028 829886
803458 252232
853083 996155
853083 117667
96020 177391
434130 415208
774208 139682
853083 835199
853083 232603
853083 239183
325374 75505
434130 784731
462028 210040
434130 943836
434130 23913
434130 492541
462028 172528
438768 833932
434130 627471
687762 722552
462028 33434
75411 606163
462028 122036
110676 703442
792385 244593
240912 693267
848514 953748
75411 473808
866776 36595
689509 662084
462028 249700
557090 51607
462028 251869
11464 182807
829109 239064
462028 904589
462028 155294
486374 184170
581412 151758
288540 483809
75411 50698
75411 774208
462028 380396
966868 955550
603303 793058
284587 471111
462028 920836
462028 302864
399859 438547
462028 110261
462028 794177
954842 862731
414514 752868
462028 313858
460198 236354
462028 473616
145589 327936
664218 66281
434130 453970
333932 610992
434130 803104
75411 87738
434130 227257
434130 328980
996546 291203
637794 62890
853083 254282
148818 940942
950771 460712
124257 311124
462028 293059
434130 363411
819508 659574
462028 5406
937736 970475
462028 672713
666101 633992
438768 119696
434130 208716
906208 976857
462028 584015
853083 338070
777313 991183
75411 915858
462028 946520
848514 513951
462028 173106
615848 80473
462028 464297
888405 905543
900750 343757
887807 174000
557090 58157
462028 933807
462028 126986
163255 965280
853083 97791
462028 263160
853083 534599
621684 589293
996546 651385
621684 697089
853083 591348
462028 982936
853083 346644
462028 673979
263363 242995
853083 473763
462028 914763
756483 562106
993159 19838
966868 200667
887807 97206
462028 601697
434130 448095
996546 996817
474753 57823
853083 398347
462028 917865
853083 738733
462028 986691
483669 284655
462028 36434
433667 713353
872495 194313
434130 922134
742832 278996
462028 95222
469613 182309
75411 328683
75411 320870
570873 69015
75411 968247
559830 529116
434130 619668
462028 904811
75411 49702
462028 126787
888405 765115
462028 160095
853083 916861
47923 551709
462028 839037
462028 519804
462028 187092
462028 735564
462028 517389
128708 747999
931692 102051
462028 405274
887807 320097
391077 519983
254543 672554
887807 535636
689509 865888
996546 586808
46733 477360
960482 401383
75411 164455
853083 193246
254543 342084
75411 47043
565414 705953
288540 526574
960482 165204
462028 540380
75411 172476
462028 316122
365408 733583
434130 223174
893360 268703
462028 240327
434130 278663
406154 103985
848514 494968
462028 351430
434130 10945
645792 787719
853083 382702
434130 614673
462028 246092
888405 398469
325374 537614
960482 118010
75411 792210
462028 133012
322878 722647
462028 239748
525413 485311
667634 557427
75411 567465
434130 113333
344537 149859
996546 945277
75411 522955
196814 794727
434130 278266
776837 315985
890109 721156
462028 907567
75411 174191
434130 508437
462028 259149
934893 693613
75411 359066
434130 559091
206041 728068
460682 436234
462028 545347
462028 976900
462028 86328
853083 925935
845146 810409
943998 686675
853083 291584
409094 850182
462028 389766
462028 949792
847467 857046
75411 460667
128708 904311
117054 598141
67312 725638
576481 846833
462028 341120
75411 424990
325374 416558
853083 294981
539706 124895
462028 249594
960482 217659
109956 672618
581412 349901
513870 122728
557090 384907
906208 594379
462028 987599
434130 222361
776837 800712
263160 354593
11464 93179
221786 462177
996546 110862
462028 377838
893360 17767
75411 711271
996546 625476
853083 295165
687762 499275
626935 416559
462028 942869
434130 523003
434130 179751
901298 47928
606969 272178
313858 154893
996546 904805
462028 455440
996546 583852
996546 648195
462028 574556
434130 265021
853083 743926
907536 394807
462028 62644
848514 180059
667634 406819
462028 707403
75411 264595
434130 355582
462028 708832
462028 451057
434130 976951
434130 247745
689509 585205
237705 933467
853083 219628
473999 883550
853083 242450
434130 235966
996546 835458
853083 598568
75411 110223
538909 996546
434130 955652
803458 194381
434130 779871
655680 605174
75411 890892
462028 607192
434130 945263
462028 660438
46733 829263
462028 646120
799973 908937
872495 836710
434130 802002
209626 505594
906208 299959
250113 474110
620641 467689
960482 278071
75411 989192
462028 661201
462028 320759
462028 652743
645792 414260
75411 244463
254543 827966
434130 209632
434130 168703
434130 562004
434130 575378
462028 417654
362324 369996
434130 476419
434130 126592
324565 512187
287691 810533
525413 580521
689509 346319
362324 774327
681887 884874
183424 38119
362324 351102
438768 718800
996546 174690
853083 340895
756483 333479
462028 651490
462028 977923
462028 44609
893360 712517
120348 625116
434130 575225
434130 465955
838075 767463
687762 692703
462028 159999
462028 395095
96020 103172
434130 179173
462028 395709
360759 11502
434130 419035
462028 567625
853083 33684
462028 824517
462028 558888
434130 475752
853083 696325
625120 510675
853083 622507
462028 643991
462028 599172
462028 584161
462028 201227
462028 312341
686110 175985
462028 987728
462028 593768
75411 379004
462028 472792
164811 229468
853083 38506
429098 316730
776837 292771
434130 964857
462028 904869
462028 225045
667634 994900
434130 556025
996546 899732
462028 237784
887321 968309
462028 91833
438768 332471
853083 319550
462028 213261
75411 254293
196814 77896
943998 797723
379004 27211
996546 408991
75411 269941
996546 212047
462028 101246
287691 27303
462028 658948
434130 678912
845146 104401
689509 210131
853083 827987
401383 346658
887807 632152
819808 169252
75411 195792
462028 131820
462028 586138
781266 362751
462028 746077
462028 46957
996546 151890
853083 142983
460682 449999
462028 828109
996546 999714
409094 838006
853083 164305
853083 27104
462028 49734
462028 659793
853083 855991
75411 781266
501054 754305
434130 38828
38322 314186
799973 677650
75411 161583
462028 750521
888405 782825
120348 128211
263363 777613
462028 242880
434130 748941
462028 554068
960482 288417
993159 241739
923888 888610
462028 624934
853083 632982
202373 477268
462028 690494
462028 504139
462028 190465
462028 891082
434130 486844
462028 843467
621684 156631
434130 494574
728179 582500
799973 927922
462028 233230
462028 374371
787661 111361
462028 874009
462028 740831
787661 97666
655680 119882
853083 102696
1417 256493
462028 263938
434130 438350
75411 127431
96020 456689
493136 418558
462028 609009
434130 808804
462028 6302
434130 934384
952152 851371
307275 946072
853083 920151
148818 998137
853083 401392
853083 819913
462028 872046
75411 775969
434130 985116
75411 728493
776181 590026
333932 222320
75411 124459
473999 139476
462028 172154
853083 254252
699858 115088
462028 823684
362324 395129
75411 704776
254543 686885
727931 90601
120348 173828
221786 536972
462028 327714
434130 810710
462028 938189
787661 229812
434130 479120
75411 577412
434130 958150
943998 845146
853083 264939
893360 157620
145273 225316
956166 938764
853083 33966
163255 770229
96020 756650
558874 398005
853083 151907
254543 403271
462028 504587
462028 144264
462028 796536
434130 97781
462028 614244
462028 378728
462028 509042
853083 342889
462028 664014
462028 113947
727931 585552
434130 768257
996546 885581
462028 385236
110676 538438
265494 550715
469348 247679
602821 351979
462028 529640
936322 416576
462028 27243
602381 932832
434130 662898
434130 677590
462028 577144
462028 601537
75411 997283
902506 384300
462028 40401
75411 856180
687762 837055
462028 646927
602381 56188
434130 434017
799973 602238
462028 707295
661958 782034
570343 520045
462028 158595
996546 109652
880071 394292
615848 840649
689509 789061
462028 681507
887807 407011
75411 494322
75411 722720
606969 394695
615787 75908
285952 898854
362324 267210
196814 135913
462028 811381
434130 459152
462028 134884
462028 831340
853083 176382
670697 363567
853083 956123
434130 472938
538909 332160
462028 638173
689509 581412
434130 771386
848514 550205
434130 996354
621684 826847
561876 910155
462028 389823
462028 556198
462028 62812
206041 710843
434130 730687
473999 267241
462028 565754
853083 410633
196814 123405
362324 24247
799821 12983
886341 408305
75411 9710
996546 872484
853083 820502
221786 636954
434130 868476
462028 324256
434130 718503
434130 395501
887321 360382
783513 174418
612550 344532
382460 155906
462028 40476
462028 950565
853083 539702
462028 95672
124257 72814
434130 749453
462028 752141
434130 94269
819808 729353
906208 924937
853083 167636
853083 797461
462028 592138
47923 290571
462028 502109
462028 428238
462028 272902
996546 427176
196814 826281
462028 571540
462028 831630
996546 914077
996546 44241
469613 264922
75411 24485
462028 974365
75411 818205
943998 874892
209626 254341
183368 973002
265494 321796
632077 605904
434130 139013
853083 234078
37798 870007
462028 995824
434130 93132
325374 665850
11464 150030
75411 638701
434130 297202
462028 653085
462028 840120
460682 65767
462028 676090
853083 162775
707539 827039
76374 378852
15222 115056
76374 578532
689509 982036
853083 977317
462028 514068
848514 34703
75411 905270
462028 69340
434130 826349
462028 642771
462028 474867
434130 323175
434130 607075
853083 256261
853083 941922
970263 694703
318213 499766
462028 370684
434130 73032
462028 261108
960482 221202
434130 496512
996546 225065
196814 833839
462028 427893
787661 732433
462028 871693
596966 504619
853083 836735
196814 568182
462028 544162
462028 588015
462028 179270
426615 295163
462028 77730
483669 613088
996546 674080
469613 524595
434130 680303
462028 102990
75411 716578
577656 525168
434130 425867
622175 611359
462028 928485
24247 555207
853083 44897
434130 905338
462028 360319
853083 284919
462028 598008
462028 699523
473999 427172
254543 791759
462028 998268
462028 976963
288540 175630
996546 968124
462028 847386
462028 386139
434130 992297
434130 986585
462028 722048
853083 758032
75411 307396
462028 650953
996546 504998
462028 130099
462028 581892
434130 732848
462028 74301
960482 232017
381321 23584
756483 165198
325374 656045
434130 386067
462028 194295
462028 327266
802878 822989
73631 101870
687762 296338
462028 537690
75411 109778
75411 576916
254543 890565
578051 774797
462028 354022
462028 620840
855106 87570
59646 966014
321124 89652
462028 163197
462028 607388
75411 907242
462028 642871
362324 386231
966868 931076
469613 36733
163255 668557
482894 913726
230874 661958
227791 92834
462028 800920
893482 603345
462028 66565
462028 409229
434130 823764
381321 576698
75411 101586
887807 655378
503221 937093
853083 299766
173996 296636
787661 701664
469511 786036
462028 818068
462028 929307
756272 185326
462028 108365
198508 715079
75411 537283
557090 158831
474753 183930
853083 125296
120348 301375
75411 242148
687762 596319
542228 938727
664218 1345
776837 967586
996546 299099
799973 659572
124257 946790
799973 762978
434130 819496
853607 166713
434130 446438
853083 280750
943998 735402
632077 299355
434130 77429
956166 9830
359886 287691
584904 481106
966868 188109
996546 532822
434130 255032
462028 731565
531168 404344
645792 439484
196814 658845
751380 15698
462028 672714
434130 990157
996546 80320
621684 956890
960482 411408
462028 509336
776837 162868
996546 294807
434130 503283
434130 431004
996546 28479
462028 540122
777313 671079
462028 796966
109956 97188
853083 783667
462028 871665
434130 917002
853083 923888
462028 551537
743211 118183
462028 486735
853083 685154
462028 285256
462028 48440
966868 16143
462028 700049
462028 33783
667634 735112
263363 239500
265494 944151
434130 363543
434130 964010
462028 580806
643602 769836
434130 677445
462028 486112
853083 232448
996546 654906
265494 950767
434130 248797
492316 976890
462028 928620
462028 518337
434130 63446
996546 808829
75411 679350
434130 93633
434130 213913
462028 50155
462028 229931
462028 840978
230819 281098
434130 993755
434130 140621
434130 46605
362324 921149
434130 365902
434130 249116
462028 822387
434130 697203
53298 118027
611568 487629
462028 851147
124257 318660
853083 904659
462028 878439
851828 539772
434130 714406
853083 442171
455428 210008
514473 563637
434130 871321
853083 613282
183368 133588
462028 640193
434130 16597
853083 340536
687762 78663
848514 147498
434130 285952
462028 58840
776837 929365
996546 254188
853083 702238
196814 76098
462028 944390
462028 761099
666101 134636
362324 594458
808603 722695
434130 394147
462028 322719
853083 963218
462028 975069
75411 827302
434130 109793
777313 812184
75411 149936
434130 364295
954842 669526
434130 603755
462028 516735
462028 490750
462028 943226
503372 251106
75411 489010
462028 207438
75411 229517
853083 507969
687762 105118
434130 368535
626935 945928
434130 304131
462028 839229
462028 807939
602821 169407
943796 865008
382680 902953
462028 33268
687762 256380
2844 21685
462028 755539
434130 907651
462028 411406
462028 33042
462028 919285
473999 740565
434130 748869
75411 827828
906208 503402
217369 623863
469613 877898
853083 739510
823044 896327
177197 52719
853083 273869
462028 56131
462028 816687
645792 546699
434130 40361
838075 276311
434130 23319
462028 900750
618631 972205
897794 938746
434130 548222
75411 981715
747985 620248
469613 875799
742832 607647
996546 57476
667634 939605
117716 924306
434130 789016
439967 231719
760845 830219
434130 118228
462028 353793
265494 103618
460682 54335
75411 368781
853083 961605
325374 533065
462028 421031
462028 669339
853083 722878
434130 431284
887321 736357
196814 544338
906208 364369
434130 393535
124257 751539
810510 830213
462028 321491
560705 986219
907567 142342
996546 628459
901039 919072
74720 149795
462028 110602
462028 248416
462028 396240
751380 979067
434130 978742
462028 931833
434130 191657
853083 277124
434130 484343
148818 380200
434130 511997
469613 791257
58882 120195
966868 10374
434130 29511
362324 881990
302000 142424
462028 656241
462028 516561
847467 697830
462028 565003
853083 714356
434130 219880
727931 65256
196814 37163
462028 66123
91073 507548
462028 313965
486374 978394
462028 356679
434130 93704
434130 951076
391077 98047
474753 614367
75411 754149
325374 810810
462028 743578
462028 781584
996546 220657
344537 284525
434130 515053
75411 597072
254543 738432
963677 659448
434130 900540
462028 763679
116650 61222
838075 126702
853083 110
434130 900936
434130 211280
117716 588179
254543 135106
952152 906898
462028 900071
221128 705484
996546 692039
434130 240912
462028 253833
434130 186685
133462 51829
75411 29477
462028 742740
462028 128781
462028 430872
853083 515523
460682 728987
75411 895057
434130 813932
462028 524751
434130 368717
853083 323357
462028 139304
462028 737599
91073 683465
75411 362317
434130 794734
838075 817319
254341 739372
434130 770336
853083 165046
434130 869814
853083 950771
434130 699846
931692 180871
996546 78313
462028 94253
434130 80384
462028 457425
996546 356691
462028 332611
482894 903453
473999 879993
853083 517320
462028 251912
434130 117933
853083 694572
11464 586328
888405 260511
362324 794838
632077 420723
462028 253334
747985 235502
434130 114624
434130 565605
462028 843638
434130 300999
996546 137024
937736 204185
996546 554228
504699 591863
462028 948200
462028 477378
75411 120627
434130 355965
462028 372996
687762 235940
462028 618480
434130 675847
434130 677101
460198 757661
853083 570873
853083 844582
434130 167548
996546 659624
602821 149412
434130 681464
462028 690963
462028 310711
529179 893115
460682 268495
196814 315130
434130 993630
434130 109975
434130 124801
75411 821903
462028 581078
853083 98580
462028 451915
91073 819667
462028 57544
434130 919698
434130 683543
462028 99877
696396 737348
906208 28628
75411 138994
952152 107798
557090 559452
689509 596320
891806 328515
434130 206090
720263 325182
462028 936749
462028 90562
670697 638724
654906 205452
254341 376160
285691 871166
414514 804837
767997 720996
238311 426537
362324 152475
462028 54896
584904 299336
362324 373663
171823 734667
462028 561231
853083 488590
581412 9976
462028 877863
460682 373579
434130 873368
462028 239673
462028 80946
885874 912856
230819 132642
996546 421615
462028 480145
803458 5
853083 12283
838075 673691
996546 96118
872495 137763
11464 493786
838075 650142
462028 509297
568534 20964
966868 436611
58882 365408
462028 4384
462028 486958
462028 287907
462028 996238
462028 729995
462028 92700
462028 661460
325374 82145
699645 953180
110676 935325
687762 138736
462028 55964
462028 405301
462028 202972
434130 907536
848514 701874
401383 305960
110676 242017
217369 634757
473999 938094
996546 378449
954842 439852
434130 86426
434130 254634
462028 910901
906208 230819
664218 952638
75411 514529
462028 555131
128708 307498
954842 363265
434130 507863
75411 920344
462028 390244
462028 7396
462028 307872
462028 512736
462028 864710
434130 548757
462028 734891
434130 780619
996546 97963
75411 294330
996546 703195
307275 826084
855106 495319
462028 915935
462028 687779
853083 381885
254543 603149
462028 483398
901039 77915
75411 578589
853083 579880
460198 280160
462028 730402
434130 878868
462028 541867
838075 537028
853083 977264
434130 234684
787661 113108
462028 579832
888405 962634
147498 719028
434130 557423
462028 373441
322878 817524
434130 633719
362324 988489
492316 524128
848348 878464
462028 681797
462028 639157
667634 142367
434130 582642
462028 409072
996546 261072
775358 767719
75411 89404
853083 67494
434130 892410
956166 480762
307275 739549
434130 867106
462028 728140
167038 268265
462028 188960
434130 559208
462028 951006
434130 399413
462028 262492
621684 99361
462028 290248
462028 717993
63326 956668
322878 863236
462028 75409
943998 139744
434130 585336
952152 499536
434130 235608
756272 660714
651182 130386
116650 153782
434130 925466
462028 138295
434130 853549
434130 470359
75411 759063
433667 195732
462028 920826
75411 42138
462028 682865
434130 356447
853083 660107
434130 263623
560705 661866
254543 572831
57823 480147
848514 670262
254543 260339
462028 765116
434130 666839
853083 387664
434130 521592
381321 81962
434130 47304
996546 678224
434130 915600
906208 14222
434130 157216
848514 460986
582560 863790
462028 348036
960482 661993
966868 836586
853083 924466
322289 112322
221786 511993
462028 318242
557090 853607
838075 781784
853083 54247
462028 56543
462028 899215
434130 428596
462028 263636
462028 16081
845146 426963
462028 850989
69261 641561
434130 407069
462028 574105
462028 53989
434130 43453
462028 500015
797753 406717
75411 713894
906208 635061
462028 67263
751380 92428
462028 996409
434130 126048
462028 776920
462028 771353
462028 692249
462028 377792
462028 544586
592364 778720
462028 325790
75411 616890
996546 166217
962634 746686
723936 871279
30552 896435
462028 517690
434130 173458
783513 506925
996546 194246
960482 138708
265494 859061
853083 440751
75411 772281
462028 440403
434130 778326
462028 872141
462028 918392
469613 882778
462028 462406
209626 241572
462028 221144
434130 784857
265494 103552
462028 381896
145273 626848
75411 521495
687762 232351
325374 678361
50487 813380
717332 560979
462028 314152
689509 209427
687762 748014
462028 945507
434130 181319
462028 827509
434130 11240
227143 26482
285691 628587
462028 801642
838075 726501
462028 922019
996546 706808
67102 775664
838075 131815
462028 404755
996546 110924
434130 802674
462028 382866
462028 945330
803458 716345
483669 441557
462028 515941
365472 215247
462028 548054
853083 492004
462028 466216
462028 280613
434130 395094
462028 482867
462028 571976
462028 463666
996546 694843
996546 450479
777313 794622
838075 361680
196814 512510
803458 469974
462028 742119
462028 225603
853607 968919
462028 807372
434130 828308
462028 118206
462028 640044
462028 11421
460682 282952
75411 242559
853083 67697
362324 386118
75411 966201
721769 277863
853083 230282
325374 897633
593414 141261
462028 543951
462028 369006
263363 160639
462028 167473
462028 626722
325374 302498
434130 764536
462028 286683
462028 147052
462028 650961
762682 422819
434130 573200
952152 191453
462028 677935
318213 444486
626935 122609
196814 484720
362324 138600
689509 540970
799973 828667
996546 399742
838075 889462
75411 658421
853083 766237
462028 454095
853083 338268
787661 346796
462028 692751
462028 387044
434130 938215
462028 825226
434130 465422
217369 612399
75411 380169
853083 458679
365408 665967
462028 12774
230874 823194
584904 943814
434130 761582
306135 525122
853083 823890
434130 807880
462028 574493
853083 715629
584904 367216
853083 853810
462028 268129
460198 875124
462028 451781
853083 54684
462028 160696
853083 352399
434130 769893
823044 186117
196814 612580
382460 570229
434130 532554
124257 293555
434130 479534
462028 810341
853083 291727
325374 780734
462028 47607
434130 529179
434130 679128
642805 299703
689509 951344
540591 832334
254543 83781
434130 86572
434130 667621
462028 876317
462028 841208
434130 34936
462028 109024
462028 803628
434130 113556
853083 341115
462028 983170
902506 759917
853083 628976
559830 993358
76374 622682
531168 287113
462028 434346
747985 493817
853083 353749
462028 253953
91073 635906
462028 260592
75411 111199
434130 492525
462028 866838
893360 60361
462028 312192
853083 110361
462028 765643
956166 83071
434130 656139
602821 152188
557090 38966
462028 629678
557090 723397
434130 856871
462028 724820
434130 601689
687799 786549
664218 668514
462028 579116
434130 607640
230819 626690
462028 776141
996546 529350
689509 229551
217369 377318
621684 147075
462028 964224
434130 751802
462028 186481
969225 309443
756483 373757
434130 494082
557090 298141
462028 28706
434130 715562
462028 725364
677101 745231
434130 158225
853083 402058
853083 96679
37798 339348
75411 469871
434130 700281
721356 70572
462028 919577
845146 577873
996546 214495
429920 149318
434130 654835
462028 744513
75411 249340
853083 107386
462028 893271
851828 610322
893360 939110
819808 51923
996546 890255
966868 130705
462028 262726
287691 126842
362324 514149
434130 942254
434130 907885
434130 199745
434130 548324
853083 70659
462028 725235
777313 822265
196814 740869
75411 728179
434130 302567
434130 623548
75411 981004
632077 395422
434130 129524
264349 732615
462028 45354
434130 962704
462028 897646
439967 142845
434130 550234
75411 115567
434130 5066
996546 486981
838075 475511
462028 651289
75411 598954
462028 386403
434130 650436
582560 833017
462028 983547
462028 154673
462028 518450
853083 753326
664218 718902
462028 247451
462028 907348
75411 38322
462028 873420
462028 665886
462028 540874
75411 319709
823044 128047
670697 450456
727931 460268
434130 258942
593414 530498
109956 824497
462028 931241
434130 237206
996546 371393
462028 778795
434130 17635
462028 91328
492266 379405
783513 560705
462028 172591
460682 421302
996546 451280
996546 275131
799973 309503
462028 676918
853083 622265
462028 88780
434130 498490
853083 943869
592364 728176
462028 671581
434130 939058
462028 669608
462028 75331
853083 644323
382460 162901
184718 627263
434130 216442
362324 196054
462028 354394
276702 72773
434130 369473
434130 997163
183368 330481
73631 215875
853083 888069
687762 576190
434130 549372
462028 384587
462028 733262
756483 696726
75411 186148
434130 401995
462028 493866
960482 522623
11464 733132
462028 688625
462028 964940
606969 281774
14222 363495
996546 34693
996546 674099
75411 989176
209626 589770
462028 837210
395501 195089
462028 285178
434130 249481
362324 963677
462028 22499
75411 19994
462028 930031
557090 963549
462028 362614
462028 536380
196814 329116
996546 686922
853083 598953
462028 900642
462028 30188
434130 167741
434130 518880
462028 147046
362324 97673
966868 303
902506 834443
853083 660539
462028 277082
956166 892317
606969 358888
803458 269250
434130 457104
462028 328682
462028 437288
434130 819722
67102 72620
128708 192749
853083 118904
462028 818326
462028 410388
799973 353571
960482 821040
462028 953833
799973 307142
503221 929500
434130 169132
462028 394869
493895 90478
853083 518980
462028 119406
689509 992377
848514 278217
462028 189995
462028 51261
434130 69261
434130 429098
434130 678977
975332 756433
462028 108611
281774 388617
694691 589765
996546 202508
462028 350467
462028 906005
384790 589375
381321 37740
263363 13465
462028 528835
462028 475299
434130 266223
993159 737652
996546 568884
853083 664240
621684 46733
462028 572952
462028 136232
434130 607594
797063 153774
592364 4056
853083 735496
462028 656384
853083 83646
853083 514473
664218 876662
462028 716342
735960 24035
462028 356220
462028 239061
462028 791681
434130 909343
462028 762774
462028 483311
434130 688922
434130 50700
93704 119396
254543 289818
462028 9331
906208 494287
996546 716233
75411 171823
462028 468695
838075 433480
717332 217248
952152 962904
11464 182782
462028 221107
853083 581493
434130 212262
462028 433702
623548 968863
976900 187645
462028 222341
838075 5988
265494 82058
462028 468577
384129 394380
462028 6107
434130 432619
434130 793845
56755 326463
853083 967999
727931 125520
462028 593913
462028 989513
626935 493895
853083 846429
434130 190457
462028 845451
462028 206124
75411 635103
213913 80803
462028 788846
462028 441877
853083 158203
558874 956426
462028 272543
960482 872644
462028 258664
434130 947311
462028 253847
462028 580588
213913 42986
157284 661982
749191 831733
434130 533196
254543 223625
285243 589935
434130 509550
462028 27606
362324 403806
462028 851435
75411 22853
689509 70426
853083 254036
853083 13085
621684 28771
750857 842206
434130 925150
602821 481801
205831 730380
240912 74485
853083 312577
117716 197886
462028 130
906208 288977
133462 403560
434130 415281
462028 928985
462028 923491
996546 766116
462028 795890
960482 502939
996546 361345
462028 625974
462028 459853
434130 537234
848514 939536
808603 122924
462028 310365
462028 782435
840120 879841
47043 823608
996546 512188
462028 949717
158595 801736
434130 853316
853083 994176
776837 737370
853083 982804
689509 198662
996546 79998
434130 64845
462028 479435
183368 431781
462028 124816
434130 802561
75411 89882
838075 148604
462028 677354
574099 286898
462028 823117
75411 514853
853083 724749
462028 817135
872495 168526
462028 572604
460682 948795
462028 639230
462028 714245
434130 488994
462028 168873
434130 523191
462028 198949
751380 113126
196814 546496
462028 815710
434130 141038
462028 186427
888405 812479
75411 101007
462028 148330
462028 804624
469613 862620
434130 510277
462028 136691
75411 375604
265494 143116
462028 744725
75411 778596
540591 952321
483669 190674
891806 73731
75411 295421
687762 520898
996546 822749
462028 804159
462028 304397
887807 155432
956166 401954
462028 110307
462028 874562
462028 832905
434130 52461
853083 360759
462028 141427
462028 759202
687762 72800
434130 677667
853083 772120
996546 981897
751380 119902
996546 812932
970263 945590
853083 964374
853083 151578
473999 622248
11464 818445
853083 484085
960482 941542
462028 562796
921672 685625
434130 674716
75411 139405
961605 498843
321124 990605
462028 832990
462028 262372
810510 673076
434130 445024
462028 29824
996546 523438
906208 736720
434130 47504
462028 414799
462028 57397
799973 306131
75411 852653
221786 555943
462028 188
787661 5528
41935 209662
196814 144038
206041 593402
75411 694691
783513 66886
473999 879299
75411 875226
75411 694590
557090 95232
853083 183326
776837 422669
923888 240981
462028 935113
11464 748785
462028 815039
71204 76651
434130 548307
548054 383230
434130 797012
462028 864209
853083 460047
462028 499160
56661 731989
434130 907717
996546 177600
568534 858970
667634 200632
699055 65708
996546 576480
434130 163052
853083 542974
602821 864464
853083 98008
462028 563350
996546 14110
462028 462135
853083 987922
221786 591319
687799 475286
966868 659168
75411 388728
434130 112735
853083 736807
462028 473922
462028 418787
117716 129941
99288 822544
180630 573920
853083 358717
462028 644615
783513 342792
288540 761027
808064 804737
853083 526842
462028 755299
960482 397984
75411 844861
462028 286508
434130 759044
434130 572326
462028 827385
434130 553345
462028 761417
462028 363526
727931 717871
996546 107119
75411 873287
434130 603303
462028 90794
434130 573742
687762 166213
58822 660288
751380 856413
462028 10686
321333 411279
434130 647588
869731 323594
281774 245311
462028 522565
462028 954556
75411 661416
221786 801387
462028 606877
438768 777155
462028 726890
324565 788740
434130 229756
462028 242121
462028 876661
749191 537844
462028 953113
853083 424441
75411 273465
462028 542391
462028 746415
434130 709719
462028 74777
462028 532757
887321 179724
462028 572705
462028 981296
460682 257466
434130 477503
462028 121410
288540 841302
322878 164094
703950 453921
462028 76554
996546 582832
756272 796132
46733 875552
462028 824919
462028 151632
438768 881665
196814 958235
462028 169545
75411 810860
462028 786770
970263 567339
434130 909514
462028 709899
473999 524739
462028 561601
381321 474753
462028 469977
966868 910480
462028 966269
996546 979759
577656 966905
462028 982461
462028 274873
893360 286355
689509 762046
853083 460184
76374 656147
434130 18649
462028 904173
462028 135908
756483 719395
907567 118979
996546 126017
434130 605255
853083 257571
996546 882815
404804 406601
434130 252035
409094 7620
434130 975934
880071 701467
462028 787468
462028 932002
848514 720905
462028 202122
462028 11986
462028 127630
462028 405304
434130 483567
236712 466810
462028 881190
462028 787642
462028 458240
621684 102351
462028 763531
462028 280268
462028 21210
689509 472106
558874 130417
434130 877800
75411 712523
462028 126621
462028 423160
462028 522668
67102 105931
473999 937736
434130 421278
473999 924501
462028 293390
254543 383413
689509 505007
887321 113235
75411 556964
887807 431524
462028 646336
489797 900678
462028 560823
689509 616160
853083 909409
462028 907864
462028 261527
756483 1417
75411 844888
434130 314259
75411 794502
853083 850566
462028 272234
434130 373078
621684 217889
996546 367379
434130 439967
462028 15222
996546 360967
462028 492644
462028 820624
434130 38068
434130 185983
434130 603999
689509 338001
887807 759331
434130 174941
887807 415297
434130 408130
434130 544518
777313 389477
434130 420123
853083 248204
296232 769005
494018 13472
462028 878694
931833 920422
333586 362150
469613 8070
462028 451501
838075 446978
462028 67518
208650 329729
996546 13865
434130 461869
664218 366784
621684 861831
887807 706086
434130 668255
557090 156822
434130 907351
776837 37797
756272 368904
434130 712023
620641 207374
906208 945622
462028 511483
325374 167441
483669 694405
696061 532251
183368 699330
434130 823334
462028 893573
853083 419469
318213 452814
954842 920650
434130 68638
460682 297923
250113 455428
75411 6473
75411 184718
960482 914751
462028 762322
96020 799531
794177 612496
602821 847469
434130 915724
434130 668217
687762 33
434130 117480
434130 893237
853083 54810
254543 934893
434130 655928
96020 168069
462028 667426
853083 535151
462028 228969
462028 509772
548054 324866
462028 162250
952152 973205
434130 864637
381321 814530
853083 977253
568534 244302
890109 499678
853083 214418
462028 468289
75411 399570
462028 98147
888405 999450
75411 952692
462028 560466
254543 935342
209626 718997
462028 728877
551337 642384
742638 121378
434130 317050
434130 153357
462028 509734
460682 61320
462028 816549
434130 165195
960482 287889
462028 781598
963771 282622
434130 201476
462028 771193
462028 736081
462028 717233
434130 135317
853083 752498
581412 274203
434130 537850
109956 699391
117054 160907
996546 259073
462028 30616
853083 818180
462028 436156
124801 506821
462028 543483
462028 693269
75411 742832
75411 75770
462028 155534
462028 106052
838075 833204
434130 627395
75411 232762
462028 107086
882167 746584
838075 35063
853083 693839
434130 589757
75411 812778
434130 832759
462028 45159
75411 952017
592364 256170
853083 982964
434130 882947
550205 115262
462028 732192
462028 471223
568534 266442
434130 118501
853083 145273
799973 980220
765581 143089
853083 167575
462028 763297
853083 441674
434130 876907
462028 787979
853083 257775
687762 90476
462028 843773
819808 745045
558629 848348
434130 698708
434130 177000
853083 459259
996546 125634
434130 226427
462028 150135
468289 580038
462028 138183
802878 487418
931692 885680
461584 179960
853083 269090
996546 433103
11464 539136
434130 42573
819808 924224
434130 657559
462028 621871
887807 852639
206041 284587
760845 186755
75411 295895
853083 469348
75411 127965
462028 488551
462028 158115
462028 475263
462028 618890
853083 804152
434130 24393
75411 101396
853083 524561
434130 101754
434130 988036
263363 824765
853083 617344
921672 342905
255875 716357
494018 598303
751380 634006
853083 236712
996546 993460
770336 322693
462028 856264
75411 200421
853083 844724
462028 561876
434130 373163
897794 773118
322289 213130
819808 149489
462028 649647
558874 948582
853083 101954
462028 680412
996546 81768
906208 572987
890109 627312
434130 397546
462028 100435
434130 48708
462028 68580
434130 947535
462028 834985
434130 504742
325374 761359
667634 206525
584904 950392
751380 27300
73631 326149
853607 564717
853083 610504
462028 103576
664218 364516
462028 468716
462028 853834
765581 307152
75411 316301
462028 153988
462028 992280
76374 188631
462028 22270
996546 176916
853083 282760
434130 357043
434130 971642
75411 101128
462028 740808
462028 493787
931833 541503
434130 655265
46733 545161
462028 406580
954842 799575
75411 137664
434130 61146
217369 745269
462028 259617
848514 66448
237705 852765
75411 326209
970526 106570
110676 946986
462028 608912
356527 843705
434130 156698
996546 546849
462028 904242
75411 698232
462028 795877
75411 492215
75411 352653
473999 109520
438768 513870
434130 250069
434130 677805
382460 134911
303422 283328
116650 404702
391077 946507
872495 424416
75411 868906
517320 346710
461584 939674
221128 573137
434130 271343
20536 857613
301151 226299
75411 322655
163255 564143
434130 106811
853083 650167
462028 31629
462028 446562
462028 489352
434130 808110
507548 667992
838075 492108
623548 940298
853083 853930
462028 458035
75411 803484
462028 252401
853083 771082
434130 472431
145589 164245
462028 474982
957512 534527
462028 432512
462028 329360
462028 737495
853083 957077
473999 136327
58882 506036
853083 100162
760845 588465
462028 767997
206041 930751
434130 517097
462028 373417
996546 103269
82058 667452
75411 718332
462028 740902
434130 23199
434130 584967
434130 129572
34703 952285
75411 430921
124257 169808
75411 909529
434130 694468
853083 441636
727931 522797
970263 808470
362324 154072
378728 938146
630150 537523
853083 523763
462028 273392
960482 532845
966868 45033
462028 726588
582560 68310
602821 490071
221128 568429
602821 954547
462028 206987
462028 161963
434130 604845
469613 396592
996546 606037
145589 731605
689509 789811
887807 986218
434130 939902
462028 258326
689509 787652
434130 304894
919630 66690
434130 475214
75411 655
462028 27827
996546 365899
602821 469233
434130 443387
75411 535396
777313 828030
787661 924245
462028 945694
460682 659458
777313 645792
75411 603322
483669 12477
206041 217369
570343 260835
47043 39072
443606 866120
963549 57164
434130 426798
113012 348947
906208 957852
543331 896709
462028 893701
851828 394858
462028 77331
462028 751624
462028 183560
434130 724530
787661 481208
558874 865777
434130 163438
362324 289349
434130 774813
823497 438322
284587 746122
73631 895010
263363 23946
853083 69613
434130 573844
434130 696194
362324 678134
362324 706425
845146 477574
73631 779484
462028 599878
462028 567946
434130 826830
996546 380483
996546 510593
462028 394676
800759 415791
996546 96734
462028 86924
484731 209957
853083 907679
799973 187288
434130 588781
434130 417106
434130 881813
799973 565414
853083 257894
751380 21753
787661 171356
473999 5311
906208 646031
462028 860109
75411 578715
462028 506057
462028 715100
830325 828677
434130 194112
462028 454837
353749 99598
434130 641358
409094 28831
462028 501273
434130 980146
462028 641004
462028 158477
434130 750407
462028 331166
221786 88614
462028 283398
606969 931692
462028 144784
888069 65169
434130 85458
776837 56863
434130 810120
483669 850628
853083 427857
462028 741385
434130 460204
996546 466641
462028 196638
462028 252602
462028 817272
462028 626685
462028 64480
433667 97377
469613 656489
689509 833634
621684 256318
46733 573913
486844 267939
887807 584168
473999 352509
365408 457217
325374 579350
664218 833167
462028 191561
462028 29398
462028 313724
462028 52838
727931 587451
462028 716776
75411 594468
462028 90583
75411 596096
434130 80544
462028 697102
462028 216232
75411 616958
853083 75035
399859 346863
76374 433815
196814 282766
434130 955468
462028 413450
996546 175670
462028 422981
893360 647599
434130 261135
853083 672735
687762 930798
558874 887027
469613 345149
996546 233467
75411 338476
462028 511482
460383 804388
434130 618622
462028 619621
853083 900669
996546 673986
504742 954395
254543 33671
462028 301576
473999 418117
462028 668237
462028 250051
434130 36972
838075 119826
409094 84194
462028 568278
462028 224391
75411 308810
462028 522294
462028 291885
82058 724415
462028 395863
462028 145232
287691 842485
254543 717515
853083 885260
462028 579838
606969 109956
483669 888041
167441 741075
223507 55833
759249 614266
996546 201577
462028 416580
462028 978076
996546 829018
936322 181634
686110 291346
853083 411003
129572 364274
75411 802860
560705 235739
960482 710633
687762 26786
568534 411084
462028 45436
462028 972830
460198 635243
621684 666797
46733 37929
462028 944741
462028 914474
462028 636715
75411 262293
492316 399478
469613 726657
853083 515907
462028 683307
462028 976474
819808 73689
893360 178255
462028 120742
853083 838869
853083 267194
75411 629517
473999 623470
434130 937802
278071 565116
120348 279941
434130 227143
696061 315767
462028 139038
462028 728206
952152 564357
76374 19498
255875 72469
453736 234897
462028 44198
462028 622824
434130 847467
75411 541737
462028 919063
75411 486482
462028 776948
727931 770135
462028 569258
307001 505508
853083 455382
462028 412967
509758 130763
265494 507174
853083 687571
462028 254168
249039 482955
462028 900942
434130 206293
462028 815393
462028 523142
434130 962072
966868 313964
462028 443957
462028 181758
434130 608500
853083 171264
462028 441726
775358 876374
632077 255217
621684 120937
799973 802185
434130 946144
462028 884929
434130 608415
667634 485001
803458 544865
434130 678078
557090 458897
302000 724337
434130 352310
75411 289906
853083 1936
462028 159357
462028 797787
434130 674868
233112 39617
462028 433202
853083 175348
462028 863971
462028 426615
462028 288553
434130 64482
931692 550064
462028 854505
462028 539888
462028 480169
462028 475310
960482 827133
75411 864781
462028 435534
75411 68912
960482 311038
581412 502163
462028 651128
462028 764595
462028 901960
462028 336997
853083 152333
259617 422299
263363 343440
196814 997381
853083 740292
462028 808929
996546 423228
196814 723177
75411 784529
996546 123489
943998 735105
552452 909910
302000 38234
996546 496897
434130 54846
970263 470848
462028 994902
642805 386046
943998 686171
484731 500903
434130 17922
227791 959277
853083 141062
462028 699902
462028 306113
469968 581188
957512 677184
462028 463135
254543 493516
318213 161504
221786 17164
462028 993037
434130 344537
887807 732058
462028 131416
853083 918152
573844 737280
966868 853060
434130 517558
462028 334861
853083 945133
434130 860095
206347 105963
434130 375494
462028 732338
462028 238215
434130 223582
906208 67102
462028 849798
853083 621931
434130 303890
776837 869285
853083 336763
996546 1087
462028 429442
434130 954559
206041 697388
602821 589938
254543 585690
462028 630090
462028 707539
434130 80861
838075 602666
75411 982003
254543 483044
462028 956975
462028 711465
853083 493281
434130 749191
124257 968684
462028 740563
196814 279979
462028 659595
751380 250614
664218 709972
145589 724705
632077 469569
462028 352946
775904 121008
117716 303318
384129 31725
808064 610106
751380 419120
462028 832115
529974 488186
75411 759452
462028 907983
462028 711415
462028 6244
462028 584183
434130 573082
462028 24148
462028 54888
783513 604653
853083 971645
462028 994512
434130 512838
462028 467841
462028 145875
434130 900502
382460 582560
584904 990460
11464 407799
853083 907457
17040 226845
558874 537303
196920 588672
462028 194660
196814 263863
943998 725256
462028 607491
853083 803639
611568 825254
667634 737890
434130 675220
460682 283820
462028 922469
120348 52432
645792 971699
667634 898366
462028 210701
462028 237659
434130 927611
853083 129458
462028 761781
434130 127730
462028 320449
778596 620211
462028 58560
462028 987268
313724 550480
777313 635357
996546 262141
462028 305709
434130 715689
473999 658112
853083 861936
461584 746933
970526 573566
601162 461223
848514 481287
473999 153316
996546 829008
602821 708178
434130 668308
379004 402776
462028 324617
96020 543999
462028 953047
853083 389053
462028 807711
325374 605921
434130 922880
853083 57497
462028 734844
462028 799999
853083 858366
46733 382764
434130 75357
838075 169321
853083 283761
462028 857763
434130 306905
295086 69994
254543 374766
434130 196360
462028 132690
848514 357595
434130 452286
462028 563988
887807 810793
667634 968787
434130 642993
362324 213433
462028 222002
196814 140098
996546 768024
462028 27928
853083 354303
67102 585442
460682 9445
853083 71591
853083 78604
462028 536624
931692 107065
462028 860433
462028 230149
853083 489880
462028 853113
483669 917526
853083 776243
937736 665141
462028 961307
434130 429920
462028 646174
206041 2883
462028 288037
109956 352740
776837 427577
853083 5130
462028 302514
670697 909537
462028 915840
434130 325562
434130 336280
381321 601162
372803 901637
462028 585303
287691 524557
853083 737365
221786 156239
667634 129590
853083 618910
484731 260736
866776 583954
120348 224342
443606 57364
780020 780433
227143 613616
462028 513499
196814 66186
438768 386100
94269 157593
738733 700561
462028 119969
196814 508480
103618 291919
434130 453991
434130 236546
462028 459346
434130 227791
462028 732543
602821 541325
113012 760016
462028 177576
75411 763006
853083 540311
56755 893482
803458 219072
848514 131635
667634 949329
50487 934427
853083 432513
461504 585612
462028 310039
462028 850344
438768 125790
434130 128379
576481 720215
68247 210577
462028 345770
803458 955705
434130 671326
819808 765581
462028 568800
462028 953309
462028 955129
287691 547454
462028 607742
68247 616883
120348 721482
503221 513597
462028 157984
434130 757891
462028 694931
434130 295086
799973 838086
853083 813781
434130 10373
462028 685607
853083 755418
75411 350955
672554 637776
848348 154725
462028 546068
853083 687723
853083 618630
462028 945122
120628 36818
462028 924175
462028 804829
621684 987907
434130 359095
58822 38047
602821 548432
196814 936753
11464 620304
75411 849144
893360 258457
802878 965339
96020 961654
362324 500594
799973 161
434130 784281
853083 194775
434130 817851
996546 131821
312021 678774
460682 398678
853083 813921
853083 582360
462028 837327
230819 939201
853083 618654
462028 703623
960482 997456
254543 360696
954842 779219
678922 605231
221128 85945
462028 94832
777313 391088
792385 93062
853083 191612
265494 920357
462028 410036
75411 679634
887807 829116
462028 351124
689509 388833
853083 767586
462028 761218
462028 865187
462028 223025
462028 797706
853083 77171
462028 533186
787661 963163
462028 641438
952152 321977
221786 533232
462028 283230
462028 740595
434130 752768
462028 168528
462028 287172
434130 382671
667634 356527
263363 286784
434130 206347
434130 966100
75411 860862
606969 841405
462028 60173
434130 984526
247693 47022
462028 377419
434130 574099
462028 184039
887807 605462
621684 592265
787661 479275
434130 184935
91073 675943
462028 138581
434130 949080
887807 477487
217369 309883
853083 852539
797063 206540
196814 497705
462028 844747
110676 740343
63326 587114
462028 17428
538909 136963
379004 543574
434130 377734
848514 690249
434130 584729
888069 91220
887638 750471
434130 614238
462028 65969
434130 744753
434130 466293
462028 238728
462028 919344
906208 868655
996546 325224
362324 24472
462028 605075
325374 716618
838075 226678
46733 78747
333082 80219
509734 894991
434130 552831
362324 679520
887807 793712
434130 39871
557090 865020
75411 113811
434130 421353
288540 521871
75411 266432
462028 992277
853083 501600
672554 675318
75411 608260
462028 597547
460682 899000
462028 14853
434130 5209
462028 954132
462028 668784
462028 566621
906208 209498
75411 628242
853083 992524
810510 508570
434130 501660
462028 205713
221786 518341
853083 583169
75411 923436
25185 60174
434130 155832
75411 266080
462028 951829
462028 634471
462028 705748
803458 435086
69261 365229
462028 889375
75411 306287
11464 493038
906208 456074
75411 715149
58822 93653
462028 985351
75411 179629
434130 378031
960482 390942
173114 230874
110676 832751
853083 989777
434130 147762
321333 613720
462028 8274
853083 884042
501054 970399
462028 371372
751380 700439
434130 356018
853083 928249
434130 378706
462028 949630
462028 429852
462028 760965
853083 572682
462028 986677
75411 415445
592364 108995
584161 609650
