206606 16710
421485 636020
206606 550939
620511 921380
291150 629941
163679 681227
206606 165430
337097 846352
92940 198985
206606 745878
38096 401091
337097 432139
620511 631256
620511 234058
332986 775078
620511 714783
206606 900919
291150 253797
206606 641443
337097 644264
224661 531780
29850 262300
92940 426073
332986 625148
332986 238172
92940 303118
92940 186954
206606 203843
484021 615002
291150 416130
620511 791600
620511 102077
479071 788495
620511 538522
291150 332670
38096 297387
38096 881955
38096 659569
92940 368252
291150 46699
206606 47866
337097 183569
224661 107256
29850 134990
620511 229287
291150 821906
206606 86927
163679 620511
38096 841458
479071 143288
337097 591307
206606 297766
38096 479071
620511 149262
421485 792493
291150 323162
92940 388555
291150 270194
291150 879206
291150 662883
38096 962176
29850 3991
92940 16559
38096 435280
38096 874484
206606 835674
291150 255703
29850 436041
224661 71766
