437235 925168
674479 717418
423084 242676
423084 411283
526107 426860
526107 912840
423084 127215
526107 815023
413957 902497
557862 462774
746086 59900
212518 299696
254901 395809
43047 608624
236765 999771
98522 917290
674479 308198
423084 947913
100018 460700
255538 332084
405873 2481
303912 554731
212518 645919
405873 117456
900455 370225
43047 548379
423084 872755
493394 7926
405873 467058
299119 118030
674479 849267
131771 486484
315290 382659
22803 69872
423084 925194
883217 16694
290837 198762
254901 873737
100018 998700
526107 834417
557862 194615
557862 902685
493394 657693
254901 429876
557862 417104
405873 236765
385438 403686
236765 25175
557862 296228
22803 555624
43047 813842
861320 121964
299119 89169
254901 763164
98522 533899
36131 658588
526107 3159
900455 153033
883217 481803
437235 562685
861320 303540
674479 538031
493394 112442
423084 199051
98522 931685
557862 273231
526107 529624
36189 842963
314176 69484
284072 769910
674479 13857
557862 161402
413957 139590
893853 797746
405873 802754
493394 50289
299119 9601
557862 278571
112442 2181
36189 432293
236765 214305
929431 438341
100018 120227
423084 860837
98522 669433
674479 680618
22803 100454
299119 947647
112442 929579
883217 799235
147217 213247
100018 365249
883217 698849
36189 949208
100018 586631
43047 985041
423084 876012
100018 506364
43047 681211
674479 255489
526107 911874
290837 310690
437235 374433
299119 811290
147217 628127
413957 331654
100018 584569
493394 465159
405873 338036
423084 286888
385438 194520
43047 626482
861320 4486
131771 944739
526107 857833
498530 766131
557862 759644
493394 321834
674479 22686
746086 957095
100018 912746
22803 671891
493394 22803
900455 847865
100018 6518
423084 695078
526107 87552
112442 691730
36189 72474
526107 323000
674479 540973
98522 559653
43047 566230
746086 837677
526107 241653
725005 883938
299119 622750
526107 140221
314176 322490
405873 332480
255538 74248
861320 245333
413957 655644
36189 995869
557862 595651
423084 54367
299119 395089
405873 924967
674479 318902
7183 221195
674479 51909
299119 46005
299119 576555
900455 901992
98522 659100
746086 931506
861320 478749
254901 865710
413957 362399
299119 109115
100018 677177
405873 708229
746086 73004
236765 479699
674479 841783
526107 443185
423084 409452
405873 18635
861320 945576
900455 575492
405873 610428
413957 250573
861320 27352
100018 659257
423084 53818
674479 687321
526107 282848
423084 527211
299119 464779
98522 920443
557862 574192
112442 622624
299119 743499
493394 724038
36189 840377
526107 839448
557862 833618
36131 444722
98522 53408
526107 641261
236765 228085
43047 526107
161913 867525
331798 534462
255538 173205
900455 23235
98522 922166
331798 365082
526107 649541
557862 379155
883217 504928
413957 699698
557862 265416
7183 655216
861320 752207
557862 222269
299119 992750
883217 22051
43047 766057
557862 177579
423084 159168
299119 633027
331798 846461
141570 385438
423084 6786
98522 499196
557862 607686
674479 662617
725005 42921
290837 731945
7183 221720
36189 791406
557862 599687
43047 930933
43047 763525
746086 10315
493394 732833
303912 312638
674479 846836
254901 819224
100018 229152
861320 94880
493394 889944
674479 365449
112442 671872
303912 698960
493394 287404
861320 269175
526107 714221
746086 127972
177579 183225
526107 6745
141570 517083
254901 775180
493394 883873
147217 997892
100018 356245
883217 20666
557862 969974
100018 972472
7183 840033
861320 752405
255538 783537
177579 444589
290837 168766
299119 393357
861320 133167
236765 492265
405873 311925
36189 317925
861320 824944
112442 323459
423084 352145
331798 704899
493394 985159
22803 275556
100018 290309
833254 851497
413957 90393
557862 853465
423084 28668
303912 760708
100018 120412
725005 188142
254901 29318
147217 556019
299119 198194
147217 649732
98522 302904
7183 862381
405873 599399
43047 77969
36189 530667
314176 39227
526107 927444
212518 806908
212518 437235
290837 53302
98522 877873
303912 201279
423084 180655
674479 411494
98522 918156
