333227 463327
906153 89023
855363 99829
208897 805817
726565 337669
612615 231010
490410 622279
794679 161579
992586 188848
328995 536288
186113 763009
311070 310634
412315 403274
917053 677102
766825 964021
605672 262509
858883 536552
46059 787111
78537 898896
566472 282969
842376 128952
427298 995404
208897 687971
906190 447046
509040 307849
926410 274694
868223 42542
421762 707727
326777 948574
379389 829829
387248 696191
533088 761120
816006 95096
888970 753567
311070 971462
761976 329007
881641 494554
419107 434961
548182 117171
65956 770416
333227 270789
868223 42340
187310 344808
326777 216315
895105 450643
202812 158034
83773 681584
696346 141434
223466 330312
91734 906190
441239 407247
738122 288279
570820 343482
858883 366357
158204 205836
999665 146035
895105 970341
469141 417046
107502 459824
158204 678818
738033 22031
457178 791921
267560 256887
610828 285103
311070 778190
846610 727627
680568 297961
517502 496562
658416 119763
494537 173525
839218 717915
447081 25909
91734 214802
846610 391148
311070 400969
435790 696613
328995 564167
263475 82542
11706 469988
840052 285450
934428 251767
893633 72904
604133 161597
427298 690622
383013 732789
919827 224102
570820 139864
794679 442042
853616 778667
968046 111973
26680 986192
123686 712372
680347 535549
937555 181613
198450 907477
970718 661299
251367 618199
469141 731566
211737 611674
692968 903867
699625 59967
117171 434257
517702 506010
951112 550773
223466 275943
478018 164031
154056 253721
140515 78341
244859 885696
605672 321202
738122 476014
375571 651954
853616 185646
380557 414287
658416 741675
458312 122530
966775 954026
853616 830239
853616 529600
791693 322575
559025 707119
98392 363712
906153 106900
490939 803213
54110 387321
575806 90532
794972 39642
100776 859478
470340 738490
596365 238917
167970 824728
328995 67771
232816 648558
846622 24323
937555 661954
942709 495652
824728 308551
405248 291805
452205 949647
210438 971916
881730 388885
881641 395874
399430 631498
387248 315762
435790 561001
881641 859003
936684 32043
333227 717314
203731 309299
544595 893830
74017 267560
232816 549669
605672 320324
54110 347637
311070 288658
271823 169401
347021 416037
560144 191954
746228 161184
412315 354260
347021 301075
259452 506736
853616 323745
83773 56351
602879 665674
346995 653
392614 641692
575237 740693
365543 187705
881641 383801
658416 656941
294242 237888
379389 780616
952809 710553
328995 449019
849701 614965
742243 702565
528542 126772
549976 781792
165278 471819
967211 762707
544595 838326
375571 25097
123840 244265
380557 690620
881641 243908
237000 813276
311070 399841
881730 121649
392614 276714
405248 300806
55124 264153
575237 592694
816006 469632
666833 865096
605672 989396
228181 453457
831282 181759
551662 730130
158204 465354
23644 951048
60126 702375
888970 133632
992586 169813
494537 838483
881641 485236
311070 617978
392692 347889
906801 165682
846610 711281
903616 751596
738033 476779
414287 876993
917053 727089
210438 430821
897330 505584
164588 408933
951112 724475
228181 529912
888970 121989
405248 877484
58187 866375
300051 368818
726242 184565
73680 806968
328995 625351
508874 107205
15137 411253
816006 883661
301054 81979
165278 364736
119745 969508
123536 13155
123536 708768
828051 84597
575806 762848
165278 566472
294645 321432
917053 287640
575237 560419
387248 679311
311070 523583
906801 132065
819805 214525
209221 226712
228181 38209
847861 809892
782074 269202
858883 301054
508771 441777
888970 779717
549976 276145
387248 122952
405248 353734
251367 13761
387248 25154
301054 676748
928425 491963
60126 732579
208897 745762
791693 700318
327359 900006
186113 536070
470340 740967
888970 918725
427298 732931
658416 138450
575237 474727
895105 257869
855363 923290
575806 62936
858883 189665
469141 818975
504107 339609
921182 785954
951112 362196
377041 894918
3258 144913
555271 54210
311070 9631
346995 509224
761976 743579
879258 415022
459640 823204
244859 489902
970718 472045
180874 14634
405959 942794
517702 408430
447081 169350
778070 125635
436972 833509
427298 135444
347021 40808
881641 89476
967211 330159
460380 655749
311070 120102
421762 919541
98783 431884
846610 124161
460380 545995
575806 86108
758540 534588
424477 890122
893633 952068
575237 808711
303104 228607
794972 835799
970718 277242
897330 67936
738122 814668
937555 225447
311070 458444
98392 702435
380557 352931
920163 75920
568048 272594
80043 755777
311070 482401
893633 77923
846610 435255
209221 781415
23644 590316
846610 462242
882560 516429
123536 563412
238893 300453
427298 861752
13343 246622
978830 277444
920163 978830
465512 938641
465512 8749
276145 337974
575237 219729
392614 660059
533088 84767
666833 144589
791693 968574
238893 493931
180874 237553
37705 357585
435790 414028
92236 587606
368552 318703
167970 909274
140696 738985
759375 685687
917053 955338
992586 405959
853616 813519
37705 704251
326777 230472
165278 931497
58187 25317
55124 66184
311070 360562
926410 310201
888970 118576
858883 509040
147320 852111
855363 599973
60126 850026
412315 831412
49788 597859
879258 235461
436972 641773
487260 952184
300796 569677
123840 250140
839059 582381
294242 266651
339209 473976
165278 309016
158204 818336
618956 258270
658416 401657
658416 905989
441239 776257
706787 553504
846610 8940
37705 490410
847861 443011
379389 977232
1495 260765
222260 434073
419107 197179
494537 397640
555271 9578
641433 210034
74017 450860
392614 780993
706787 325764
439233 219577
480999 218137
91734 503082
405262 850264
926410 914082
794679 63094
193031 130200
427298 336769
237000 324128
858883 288713
917053 475277
568048 236031
132903 769515
738122 188204
570820 248043
439233 120335
738122 707287
881641 260502
212992 665761
533088 579064
575237 997873
165278 908230
622283 630644
517502 199254
551906 69716
970925 541788
846610 549719
368552 265941
66184 720174
473713 560430
890976 501510
766825 978233
738122 27174
895105 86628
879258 412071
347021 781369
193031 365461
427298 74865
693380 591283
799653 533538
421762 101959
103370 224369
516085 8408
625177 156685
180874 378114
700063 488751
549976 906325
441239 230992
917053 832148
846610 638238
132903 371278
828051 252219
311070 214653
107502 281191
831913 15089
192323 467856
405248 148371
754480 662414
326777 715200
158204 390295
161017 332080
508771 961419
970718 490536
895105 930625
311070 539867
602879 247009
811622 686615
365543 930474
893633 256764
818975 951278
680568 244673
412315 980582
730133 681402
107502 291813
473713 850068
504107 849583
568048 341479
286642 835681
309855 481939
858883 687268
209221 717102
311070 42198
355899 275627
296430 258599
766825 700128
700063 250178
665974 177415
473713 40651
427298 421398
311070 393878
228181 958513
868223 368418
377041 724527
437735 986554
365543 508628
666833 330515
419107 549223
696346 676163
470340 442336
355899 900522
311070 176583
738122 252879
326777 55517
917053 102409
311070 103085
936684 458312
968046 141004
641433 810172
427298 804828
888970 757929
567543 426786
437735 296272
821637 501666
685530 345649
555271 190422
161244 409819
699625 820151
368552 674774
457178 825633
375571 592707
566472 260428
180874 405622
970925 145493
36778 626937
839059 418570
469141 208164
551906 863465
223466 983305
528542 553275
926410 467571
228181 796468
936684 683936
98392 176905
3258 967359
437735 567557
30556 158685
311070 844346
816006 505569
595134 933494
180874 194314
460380 843134
477266 747594
179530 102929
180874 346827
251367 847451
132903 344411
355899 182764
180874 95645
327846 315284
202812 212903
311070 613271
303104 841050
333227 276376
392614 541250
101571 220156
658416 166090
781792 445741
327846 726565
379389 575010
900522 938156
158204 975077
123686 106579
427298 636131
300051 98262
970925 535414
853616 735020
897330 364184
951112 738131
202812 455588
326777 263688
165278 660472
841630 373974
918753 160980
365543 765105
435223 982505
311070 175708
560862 547691
830677 65893
858883 107710
328995 879767
223466 427651
882560 37016
915334 457501
618956 855010
881641 65956
723991 884254
294242 796198
311070 358727
487260 158461
934428 808624
575237 932585
888970 934393
853616 392294
879258 770758
950594 631199
970718 693380
300796 959860
605672 210280
98392 776862
846610 181163
680347 346995
514464 787567
680347 44909
746671 329117
440471 738847
402326 902226
296430 782949
759375 125872
789591 846622
23111 963179
680347 792438
612615 403713
575806 30368
680568 101927
392692 184636
311070 479269
536070 491982
811622 545665
570820 845038
888970 250417
123295 793448
30556 945264
618956 835912
746671 390467
15137 11478
879258 95754
180874 814644
464934 735577
658416 339755
879258 34180
970718 687149
755615 640661
881641 583806
3258 250723
658416 777168
431903 665721
421762 710068
238893 756950
276145 172140
23111 435874
244859 421564
311070 959730
618956 862410
393167 286588
846610 656182
193031 175818
575237 906813
470340 630665
494649 512480
575806 70670
399430 313414
311070 600162
787055 969159
96431 73024
559025 841210
537392 356647
707880 736012
968046 746221
575237 768812
888970 181247
74017 980201
459640 759323
494537 315108
337974 22149
544595 545372
365965 585842
379389 810964
212628 63261
545057 482205
30556 121882
805615 392432
789591 163766
296430 287910
840052 936286
300796 703311
995629 886300
738033 792930
758540 199723
469141 199038
427298 551767
514464 104959
163173 222972
570851 391014
333227 685937
881641 189524
250417 627968
311070 693878
881641 841172
605672 768498
881641 279588
343408 320675
149707 807088
602879 659204
172813 323719
484260 112667
176675 109678
672104 40293
244859 454934
333227 20032
575237 110899
459640 816916
180874 974507
906153 449258
340339 243132
673267 4728
198450 759427
508874 799799
380557 102583
517702 1550
46059 974161
658416 711507
881641 499589
211737 103165
738033 690599
35619 604698
311070 246299
401657 341242
549976 471444
508874 505258
392692 29772
208897 983955
742243 242251
926410 833146
828051 448097
816006 342251
980582 390091
794972 570854
899851 242299
211737 79290
301054 646318
314092 95634
514464 266886
168986 118705
23644 933406
435790 855448
387248 953979
177004 154292
392692 351432
311070 562524
167970 155189
427298 440974
460380 647361
549976 490505
180874 886080
791693 205022
881641 387331
358442 434203
70923 372888
26680 840595
551662 433038
123840 778316
738122 405262
3258 211867
276145 996454
484260 248795
648323 729148
575806 416934
340339 851503
756884 682378
738122 96648
320539 641397
794679 929144
309855 712467
830677 484035
828051 493057
521334 947394
794972 889004
535414 37572
551906 103313
781494 401069
81038 896254
13343 467471
412315 681044
180874 565193
300051 421117
658416 398402
551906 533884
487260 486500
715200 166532
979474 570740
738122 109007
328995 190819
244859 293982
132903 810531
738122 840052
123536 850326
726242 174067
627388 969467
658416 893633
661770 962853
658416 61211
326777 724542
738122 184214
781792 26732
893633 780528
166462 853458
658416 324708
167970 251497
328995 981307
730133 416107
970925 805
726908 858229
26680 473955
926410 77417
828051 717545
983052 863924
992586 937553
98783 840037
575237 705535
575237 358312
54210 304000
816006 16074
552258 45707
316157 335144
368552 798171
699625 971198
853616 828241
132903 944755
324708 460138
123686 998861
79326 518034
685530 910533
172813 768344
499581 935043
794679 114540
881641 813936
13343 18981
881641 317559
614965 914280
223763 702288
789591 530101
549976 667243
487260 989651
215220 52945
27589 89925
882560 230970
766825 848995
570820 251534
123686 210438
343408 384910
881641 363260
625824 856777
328995 145723
699625 196809
311070 810855
333227 830300
853616 522967
967211 715789
992586 36737
787055 276438
209221 306296
628472 546730
879258 231751
431903 388536
311070 171864
132903 815517
549976 842171
339209 124351
469141 530022
375571 627522
789591 911816
575806 656495
847861 921450
555271 803148
778070 444394
637994 837894
26680 899920
83773 183101
889383 869431
16074 563712
917053 603194
374201 604705
552258 170882
811622 314426
881138 377156
934393 698942
738122 22187
549976 67128
816006 75276
658416 593990
828051 19405
123536 677793
211737 986062
383013 396559
551906 925411
687023 836357
881641 65554
761976 785267
758540 746242
970925 138540
858883 545001
167970 445477
680568 795427
706787 813111
782919 288984
551906 225452
766825 495469
858883 828051
483802 78176
355899 585851
548182 237000
691800 924664
764294 600088
879258 235616
300051 706410
881641 325053
355899 536205
614113 309838
951112 826591
469141 942433
311070 209278
794679 102724
392692 335397
789591 249820
294242 418943
841630 705607
228181 609267
499581 735843
167970 62406
49788 60184
232816 710394
658416 604133
549976 700063
470340 927521
560862 659464
658416 199134
123536 380086
917053 438815
846610 481718
123686 189552
504107 644129
759375 364129
34276 376442
435790 285865
327846 798500
559025 597302
339209 244143
784863 421232
460380 25649
470340 964485
49788 200241
380557 226058
778070 30786
460380 101991
435992 74017
480999 735654
853616 573136
470340 610332
271823 308833
691800 261369
917053 312491
459640 802013
937555 508952
408411 602657
841630 543301
893131 916214
970925 92108
158204 870849
879258 117651
375571 409924
424477 376766
828051 460703
383013 611992
512124 423716
132903 204664
452205 440865
223466 101571
294242 651141
679933 180929
978830 806074
787055 873883
176675 231581
393167 22830
328995 696837
263475 591379
517502 987337
311070 797025
30556 866173
700063 370411
76343 486923
517502 32217
106066 595854
427298 746848
311070 384170
738033 612622
447081 91504
392614 192440
796808 90600
371239 40572
575237 505037
608031 901528
311070 861088
32043 746970
380557 796236
276145 782919
405248 119613
383013 2420
427298 16463
691800 455455
509040 331701
399430 632691
614113 548904
472575 579731
223238 297714
596365 693871
784863 388223
975077 811121
347021 948550
387248 384676
193031 329338
165278 324208
214525 540412
508874 231243
180874 195790
906153 962543
575237 619626
326777 918753
23111 519591
881641 437314
888970 616522
107502 600744
494537 863399
691800 651801
60126 474937
311070 400751
879258 576595
484260 396226
333227 103754
618956 328948
198450 559232
881641 263454
311070 684095
192323 878920
459640 466171
3258 810219
766825 613812
828051 371045
778070 706672
294242 744556
858883 499167
738033 989206
311070 977180
895105 280839
658416 437250
992586 335954
340339 92353
517502 105809
917053 17043
906153 164588
811622 937600
210438 988010
192323 704460
28342 251375
514464 560144
828051 816659
30556 674411
375571 757443
427298 133315
23111 927512
764294 511777
76343 158597
435223 666833
754480 371963
508874 427360
383013 98392
460380 436344
888970 315553
551906 402476
575237 212998
123686 765516
879258 288317
888970 251998
893633 979343
881730 49382
723991 484859
427298 625364
470340 658962
340339 1495
311070 130697
575237 642604
202812 927662
209221 189592
208897 631868
76343 423919
165278 637231
3258 485659
3258 993687
738122 919709
58187 679643
26680 174611
223466 966720
575237 910288
758540 465435
794972 783110
570820 306044
29128 71097
447936 300899
392614 597331
658416 287231
340339 5645
699625 357251
787055 518877
878799 711601
435790 154056
328995 497889
917053 174526
846610 616987
508771 874682
575237 963326
392692 229480
421762 144653
549976 202812
98783 786191
365543 131839
311070 379681
494537 156496
575806 939496
714620 270391
300796 321932
76343 153178
208897 683801
994430 855564
427298 103353
549976 333227
530101 931480
300051 403786
738122 508874
575806 44033
970925 880860
419107 52664
888970 759002
427298 568661
132682 119063
514464 731755
83773 247682
888970 995342
149707 517831
459640 847700
680568 379533
881641 664831
881730 632461
544595 700872
192323 934442
757929 145868
881730 28909
127779 635019
596365 709562
393167 76977
49788 143455
123536 330823
879258 27267
700063 956160
605672 177638
365543 331942
618956 314518
702993 519315
738122 680568
13343 320107
300796 611286
723991 450481
380557 183773
738122 726242
480999 629971
518877 770804
294242 141751
951112 286642
222260 230743
193031 211787
98783 996685
379389 622585
968046 902615
223763 651994
296430 993741
555271 755615
742243 994430
74017 212733
405248 894441
508771 261585
785938 464675
937555 913033
816006 450110
202812 374623
375571 20563
320231 963050
176675 596731
419107 822253
123536 727267
816006 453356
895105 986755
906153 220466
68043 751491
824728 447474
952600 20067
165278 184569
76343 309816
339209 672104
614965 401423
470340 767411
551662 915102
375571 194726
340339 572818
366357 838460
427298 428763
937555 447701
311070 162895
437735 586546
289644 164469
683748 433557
167970 295711
86472 195208
412315 771442
853616 529007
165278 258494
3258 800395
881641 872848
328995 998771
331701 952086
816006 902762
477266 29128
575237 533316
459640 249880
658416 570253
244859 441405
700872 483608
484260 153488
179530 895377
888970 655340
508771 349081
892817 120750
559025 129700
470340 53393
366357 919950
180874 771944
881641 354739
968046 607293
333227 896604
533088 374515
251367 485215
895105 356540
380557 685088
728627 107575
460380 88402
107502 15061
895105 338055
881641 42044
707880 941532
796808 981690
405248 391087
925411 463405
186113 465746
401657 306969
512124 729144
316142 73805
251367 732966
508771 982274
559025 939401
73774 258003
417778 404862
575237 181887
435790 51987
311070 87882
180874 888330
893633 93079
62572 100772
149707 95060
699625 415248
508771 729671
819805 353128
847861 474761
917053 736617
214802 628477
549976 462423
35619 138857
435790 528258
853616 577694
968046 354940
303104 484156
375571 692968
331137 957526
480999 554185
881641 198859
756884 977549
778070 720075
951112 98093
816006 788410
244859 804415
170317 155729
494537 539064
441777 829123
158204 831921
11706 792666
691800 632801
605672 58246
691800 685008
787055 416203
549976 930546
267560 847321
339209 167769
551662 209550
781792 952042
141004 639994
457178 824682
176675 63696
756884 265735
74017 266986
192323 350304
504107 469465
952809 392420
435223 955736
895105 217357
559025 546828
658416 163625
494537 911830
623758 415551
899851 862632
186113 308808
347021 444565
176675 195450
970925 706341
936684 215963
587402 651206
560862 481734
35619 119346
3258 853279
893633 515130
575806 489585
699625 664249
906190 999003
165278 999733
706787 561195
509040 733690
158204 634564
658416 985361
650496 736532
509040 461451
472575 952260
730133 489573
427298 511166
605672 712914
180874 224588
738033 609064
787055 398192
180874 61080
328995 372426
831634 77190
846610 874122
719969 618218
324708 502234
761976 414839
149707 990485
658416 703253
766825 871552
917053 227615
509040 108162
296430 425711
339755 62572
738122 809999
470340 539667
460380 820861
889383 176452
791693 87542
347021 899463
465512 569131
294242 489737
549976 696136
853616 417980
132903 705130
26680 500761
885696 775940
847861 164486
375571 230594
180874 369270
741675 210915
487260 521106
487260 387653
881641 352726
758540 490081
994430 342805
637994 767781
228181 200162
658416 897778
435790 695810
787055 195910
379389 565144
841630 171340
311070 62871
796808 914336
839059 854806
437735 325840
375571 294817
3258 805615
379389 143916
76343 372291
754480 685905
494537 299159
549976 573597
575806 937086
484260 849654
596365 960220
311070 337962
280553 452469
881730 225954
311070 959940
846610 14457
437735 161016
263475 595134
650496 897514
504107 281646
427298 153453
316142 391934
968046 478269
928825 64366
679933 192938
213670 668958
469141 398847
839059 984509
863465 437039
126499 978392
421762 439623
602879 953310
149707 757163
76343 588175
723991 595090
70923 742271
846610 503053
86472 123979
766825 57739
528542 847461
789591 983
366357 953131
60126 929721
98392 538519
923712 182933
403150 968699
11706 90953
882560 749144
3258 838045
427298 588428
76343 284172
794679 658650
123686 764624
223466 717897
829143 143042
76343 677950
459640 405306
186113 357683
399430 616561
600718 347919
180874 644491
490939 113204
839218 42917
551906 366859
811622 922026
294242 974994
263475 207753
149707 551886
181253 483857
365543 606346
26680 630297
841630 539581
552258 254959
67533 475384
658650 531412
123686 929695
881641 253653
888970 870570
427298 13836
738122 244473
265315 18907
839218 290925
34276 23370
83773 820021
937555 557437
427298 658742
13343 48798
551662 32378
238893 471500
167970 301252
392237 456930
846610 339710
76343 902465
504107 670416
238893 746176
849701 892902
392692 448752
223763 360621
759375 284217
841630 419993
538882 871131
841630 452391
311070 916326
549976 538433
881641 176159
552258 537422
555271 841513
303104 821076
469141 934163
575806 262368
123686 212285
509040 738547
849701 928825
514464 899077
881641 323806
180874 173047
470340 734641
782074 190875
392614 134577
167970 680359
365543 378402
60126 638752
796808 241126
74615 372544
839059 331436
328995 634837
754480 405545
311070 277488
366357 856553
742243 446198
365543 149085
333227 848367
132903 383843
251367 438991
738033 523121
895105 181253
951112 454610
658416 366045
49788 256885
882560 102766
263475 889288
411400 334063
881641 194259
324708 103393
228181 34276
286642 484118
538882 989778
549976 538882
680568 915334
738122 910941
658416 596044
123840 121295
469141 707529
551906 490109
142920 410520
881641 923893
311070 49103
781369 777154
942709 646858
263475 73133
320539 824615
917053 600669
691800 942042
217357 548446
746671 165255
490410 917727
754480 423852
276145 152429
456448 550476
326777 869518
223466 795243
533088 105095
63309 261510
424477 203468
158204 522021
549976 204025
741675 679933
469141 362747
311070 633623
696346 103370
76343 211276
427298 903646
187310 787793
494649 821592
427298 594867
311070 700850
967211 687023
311070 69823
514464 56032
681584 751884
58728 952731
881641 781147
339209 536483
15137 958771
893633 62400
879258 647348
508771 376495
179530 895054
895105 493914
730133 448375
575237 700498
494537 248728
326777 793412
427298 463559
995629 442596
551906 592607
675696 229395
90600 726194
460380 947016
970718 227875
858883 903151
508874 823326
192323 174545
839218 568048
158204 34289
30556 980800
392692 570760
830677 173479
487260 549137
555271 790449
575806 744621
149707 780102
487260 383592
412315 409875
26680 560453
738122 710780
968046 726479
3258 714620
846610 774376
55124 266811
508874 704481
311070 901576
766825 636425
427298 777143
778070 774485
192323 835372
347021 970432
575237 437103
906153 716289
392614 770630
577053 129173
232816 885144
149707 131939
839059 121548
311070 935157
193031 279538
951112 906910
881641 264608
205836 354638
829143 286886
469141 497531
494649 165453
504646 415533
300796 342551
392614 788987
36778 966781
55124 432149
552258 450800
517702 390282
76343 21836
853616 494371
796808 720268
840052 894800
58728 963992
459640 47406
672244 211799
764294 69676
98392 148185
26680 708003
214525 46490
303104 341427
882560 333947
454268 42382
470340 20434
435790 653420
487260 348650
431903 835555
551906 818335
494537 545057
794679 337615
167970 67533
881730 778300
74615 487227
98392 394818
311070 76717
311070 148415
789591 208058
454268 518840
140515 258887
789591 19773
897330 887902
431903 343669
167970 594231
328995 230020
355899 837104
254484 419978
846610 53663
508771 427180
365543 561342
132903 95008
23111 543181
858883 228181
906153 334378
132903 925366
818975 540233
773653 950047
392692 778862
680568 908596
238526 474911
23111 404872
98783 327431
375571 943260
648323 978715
719969 998385
700063 610515
421762 251925
517502 508563
213670 4513
605672 538369
60126 606680
399430 810875
63309 307640
427298 222146
754480 185730
366357 537774
853616 295809
375571 567216
3258 854377
595134 3384
951112 274577
35619 835334
167970 473621
858883 809719
575237 427822
596365 86472
879258 83173
622283 539189
549976 500385
74017 316157
853616 910822
508874 251234
517502 944362
213670 863110
79326 181408
23644 466225
339209 46059
209221 843081
575237 332164
107943 126499
340339 718297
645275 603201
706787 992208
549976 387248
80043 682344
311070 742035
778070 125646
158204 71817
738033 353324
789591 853852
509040 376976
509040 41261
992586 406364
54110 450319
552258 138314
559025 76004
379389 721332
35619 625266
460380 318651
541250 755960
460380 603908
690599 316046
555271 797331
951112 147320
357683 482534
575237 534803
311070 644120
179530 502971
192323 199460
87542 412362
223466 36475
920163 437052
738122 177250
890976 892334
98783 127786
881641 607864
846610 731585
685530 845180
311070 273190
374201 818625
180874 741400
405248 211326
123536 26887
164588 446263
847861 161244
831913 359954
785938 811122
252219 209077
303104 314895
251998 494928
602879 265582
995629 803671
685687 96268
937555 778064
209221 261230
758540 724913
276145 311179
435992 435223
816006 786022
23545 368777
356460 342554
967211 516873
437735 362055
839059 517533
754480 970654
60126 149603
781792 669209
980582 206886
187310 27589
158204 806618
906153 277561
934393 364226
560862 1092
164588 913754
878920 790627
897330 744809
575237 203731
980582 853783
74017 715827
537392 974028
758540 510292
839059 545975
575237 108763
209221 957758
49788 452689
392692 299797
878553 675572
570204 356857
311070 786617
528542 193400
300051 773936
744621 297090
132903 278052
881641 907355
435223 636761
811622 342766
882560 826115
537392 23976
888970 889801
26680 682940
781792 574743
888970 939181
881730 92236
26680 617593
435790 845925
785267 418693
165278 33737
881641 618223
212992 768120
485659 875218
82532 594395
13343 63435
926410 221032
738122 95647
658416 80043
180874 238220
509040 229394
311070 941747
167970 465913
76343 911074
819805 402297
311070 299549
392692 144766
824728 424935
855363 51378
209221 194791
618956 910036
98392 209919
209221 314342
98392 864467
970718 533228
899851 426789
30556 813225
931321 70531
180874 562066
424477 375571
180874 929239
63604 656096
881641 648975
723991 698761
728627 342300
888970 977411
342551 213540
575237 157720
63309 483176
42340 401446
958929 995781
343408 106066
858883 843888
198450 337576
741675 862511
828051 265585
847861 906212
223763 314864
35619 967936
484260 724794
23111 955213
441239 782074
180874 572879
30556 220932
841630 329966
853616 503649
846610 120709
328995 169266
627388 826519
881641 251044
176675 349605
789591 805336
263475 713449
419107 183055
417778 774195
167970 251367
402326 461845
858883 131121
392237 467292
992586 795793
787055 919827
555271 498963
83773 710713
421762 791523
811622 372228
831282 451178
427298 975289
411851 348632
882560 338636
794972 348427
251367 401231
951112 17440
465512 958884
789591 904424
888970 781494
167970 801306
549976 368552
30556 296094
835005 662555
508771 112855
847861 513123
180874 686846
424477 930742
754480 557142
678818 144400
855363 576792
263475 520157
828051 143657
447081 759686
358442 975334
441239 96431
805615 670323
487260 877919
271823 494496
754480 974349
26680 255574
311070 287078
926410 863496
881641 216170
888970 300339
74017 559025
165278 641986
35619 536511
881641 905615
427298 951806
517502 371239
437735 691514
333227 546165
841630 278708
778070 513494
40293 212445
472575 583694
605672 869523
618956 780415
831282 234811
213670 632834
494649 606507
906153 151380
470340 5225
180874 575236
552258 908541
517502 320953
58187 279690
537392 154862
320231 72559
754480 565121
782919 114463
824728 558507
469141 625177
311070 102074
951112 698685
294242 513907
791693 745525
158204 464973
149707 521608
340339 454372
881641 574037
903616 253438
782074 870999
454268 994785
28342 453475
895105 202611
658416 450076
549976 831282
680568 899325
350300 934428
437735 48224
551662 673686
824728 252182
241785 186736
949818 648824
81038 779539
365543 100776
427298 107364
58187 258535
58187 169216
350300 414699
970718 906345
98783 488766
180874 751170
879258 611544
723991 767202
311070 741660
23111 718669
951725 154708
311070 281234
58187 316060
796808 105432
888970 889835
652021 920363
926410 841454
3258 120798
926410 945367
878703 206829
470340 684858
514464 888999
879258 145823
680347 965170
180874 587890
936684 456791
340339 589869
937555 313478
706787 541480
311070 236884
897330 300062
658416 829271
881730 675462
787055 226890
149707 129289
98783 215220
328995 408522
324708 801933
311070 766947
992586 206818
622283 393439
853616 197559
528542 161017
895105 231468
30556 993199
882560 411734
192323 758420
575806 814629
819805 147258
937555 801047
296430 90535
186113 518197
828051 312336
618956 540065
830677 715323
439409 365575
789591 933779
888970 722769
365543 83815
300796 9702
658416 174468
575237 294274
809892 350500
368552 920628
948550 866350
