464238 76774
368443 833737
318607 287334
721184 238779
982648 303580
205846 183736
474122 352313
303294 273508
315164 464584
111503 781961
460425 864934
276628 729666
516596 937959
21864 176328
545813 202819
615298 80400
513609 296930
482956 912211
770512 344228
593507 64493
273548 742214
448821 776188
832810 739962
427270 356959
232970 150946
684213 503768
482956 428312
54093 419834
43630 658408
300526 817716
506171 163463
471870 553608
337323 200620
116671 15444
358911 265168
56471 938390
463768 610995
544197 28527
88659 378465
481157 277939
111503 526004
403723 391227
282566 737097
464238 65761
394860 746880
513609 964407
854890 432057
448821 499359
286698 536835
39837 771611
54093 636712
404576 744689
516596 798452
282566 936382
464238 284087
232970 670786
108173 109988
282566 510914
995084 930215
368884 791075
232970 404838
295212 806881
516596 319294
711708 843963
516596 265617
346775 274485
346775 755988
671983 16216
172725 57591
43630 614748
968 463768
48522 668485
464076 420061
471870 103145
832810 190091
54093 829874
282566 956843
595895 806398
678693 788008
516596 283730
461141 403154
200992 359194
593507 180036
200992 90176
286698 163446
968 902377
676264 603354
481157 284005
205846 530128
346775 544482
48522 571514
785558 877789
990270 55225
869568 710168
346775 181507
721184 384459
684213 961526
504408 186078
21864 719922
232970 346471
517023 951280
276628 220
295212 713142
282566 476471
111503 915575
736265 512986
711708 327207
346775 688210
516596 73047
517023 735272
427270 499883
412711 761057
394860 7122
982648 739785
870755 421430
516596 848715
250886 157388
98311 466472
412711 849748
97360 872309
858942 849105
285859 775944
427270 573182
205846 83254
84165 613123
968 779111
282566 890396
707454 559839
108173 111616
676264 481480
250886 913146
21864 482956
403723 942870
108173 698021
999336 528344
173294 999336
403283 641204
827047 941507
21864 156506
545813 935496
448821 679227
346775 156632
11402 238712
968 22791
276628 247739
517513 800899
858942 865359
88659 349404
368884 627156
219058 235092
517023 773065
84165 763624
54093 290864
854890 766349
21864 827047
707454 595808
358911 618153
144168 485234
232970 420837
827047 334510
304564 974258
796783 348410
913146 195712
517023 833510
974092 267605
462799 249807
394860 514208
48522 584098
517513 997423
739097 332139
511200 434197
947164 542564
122095 65935
876686 851424
584892 129932
682761 462601
517023 380614
411819 409561
43630 175677
447702 39059
785558 460909
21864 105275
516596 950782
968 374053
982648 727656
464238 635956
21864 660216
582968 18533
448821 429989
482956 258701
595895 866583
448821 2376
404576 690298
516596 686402
21864 776242
676264 719035
404576 190507
584892 982909
794140 437359
995084 338704
303294 932196
516596 228614
54093 80138
517023 372151
412711 887493
893716 129810
337323 433451
116671 886565
595895 764745
773065 445588
721184 915495
346775 730956
54093 665565
516596 896636
711708 898305
832810 155296
721184 568493
968 789379
232970 845041
128185 72459
869568 325456
968 739214
832810 141292
827047 368088
459956 862211
513609 784935
21864 818348
282566 850443
56471 767424
113532 463294
43630 138645
282566 360616
108173 69030
463768 582954
311292 671983
968 318259
303294 9
676264 779075
205846 70781
403723 793514
517023 789056
516596 582845
736265 219163
982648 40872
21864 53319
995084 946578
827047 984680
517023 924933
482956 344728
516596 115618
869568 800352
282566 262223
865704 795359
337323 360850
219058 805338
21864 362995
516596 568045
517513 449593
394860 176419
36669 250434
965460 664332
684213 576646
48522 247827
54093 367728
995084 533116
598049 725633
448821 425865
772774 463066
78442 437665
337860 992874
232970 137921
627156 47291
517023 406432
756799 447239
516596 794006
295212 291678
346775 286698
313698 312907
965460 737492
311292 629002
311292 304161
481157 300472
486651 714675
21864 854890
225674 246027
481157 869471
935496 545905
282566 11675
968 145880
595895 316111
705355 216601
282153 246349
88659 959543
282153 916661
21864 778019
21864 507712
711708 978486
358911 274074
21864 549568
404576 394718
282566 467351
230890 55419
865704 354001
516596 766805
378970 206978
282566 553150
721184 191502
870755 750112
516596 22808
318607 667987
763957 20036
113532 33814
88659 490350
232970 303723
267066 123224
175677 119244
282566 226996
481157 330550
282566 254067
890152 295212
303294 361742
98311 389774
239876 642229
490350 846110
411819 665030
108173 452134
507741 633962
516596 291969
175677 930673
404576 152482
968 981122
545813 140449
48522 202193
161169 272934
742401 44100
138076 140760
21864 598304
516596 587900
175677 402455
894794 204746
674730 785337
545813 427270
230890 743592
671983 550216
707454 859676
368884 598550
282566 627741
282153 152938
404576 922312
232970 1494
995084 523716
346775 405687
721184 922464
802780 906410
593507 702429
870755 254392
346775 161047
122095 645796
313698 218290
863795 646286
423368 154788
338704 136850
463768 728821
802780 495676
517513 594987
276628 543806
721184 907364
721184 107262
282566 805030
113532 130924
645577 116931
516596 365896
832810 604577
368884 225642
403723 23501
893716 179782
282566 298181
516596 226215
516596 212743
711708 756531
21864 447702
471870 974556
250886 977800
770512 153978
111503 85588
481157 556123
295212 111275
707454 619454
504408 621190
147209 750145
21864 901734
345744 805358
200992 774641
423368 868529
770512 879093
48522 369454
116671 192990
404576 921693
544049 765300
676264 749636
890152 161169
219058 877315
43630 243684
346775 849382
968 97183
517023 738725
21864 486871
358911 708747
411819 538890
511200 972177
707454 556684
464238 767197
796783 678693
88659 398690
517023 388936
516596 483319
282566 812696
427270 244653
785558 270927
282566 367720
642229 757658
311292 556701
358911 389744
21864 778816
303294 475647
890152 714514
250886 244488
815911 187671
593507 791404
403283 507513
205846 336321
403723 428230
219058 888808
705355 396342
464238 746416
796783 683607
448821 762720
303294 642945
346775 172725
295212 931823
404576 378970
459956 67675
837459 139987
638245 268962
517023 285785
956481 939698
340592 117460
423368 362626
358911 147209
277939 755865
331773 929018
965460 638245
303294 909455
108173 223297
54093 282636
711708 510323
368443 96985
471870 269505
707454 824870
267066 419544
645577 737544
913146 632837
756799 148086
285859 936453
511200 517741
21864 65158
21864 144168
394860 633123
346775 362891
858942 911249
902347 48522
968 230890
707454 113034
40872 62541
337860 794665
200992 187072
88659 239201
230610 784622
337860 188687
504408 868627
403723 219550
711708 656151
593643 854898
598485 967124
593643 176899
351308 357547
287334 144286
411819 604867
711708 80029
351308 620966
827047 663418
471870 87505
271063 332395
346775 446636
516596 809124
56471 427488
346775 159064
11402 31233
303294 957002
111503 933217
827047 134563
516596 33513
346775 799902
707454 131746
113532 449982
311292 947164
459956 30783
504408 964869
832810 215291
711708 12126
43630 974062
303294 5233
282566 257673
412711 98107
516596 94473
21864 549841
113532 89397
721184 897489
428972 465517
295212 917948
403723 869568
368884 388676
295212 389440
516596 55636
593643 876881
36669 705355
282566 852922
403723 237900
306733 573197
742401 883325
869568 292758
968 167974
311292 716769
273548 695136
247328 651828
935496 792851
486651 614358
682761 869891
516596 163737
43630 892385
337323 176484
11402 222838
122095 516953
411819 74465
545813 412949
940690 131108
627156 770144
162706 655560
412711 720445
282153 422368
282153 269603
230890 930067
940690 315560
676264 899738
403723 534565
968 257143
504408 189009
412711 626439
346775 617567
368884 19441
952039 262250
282566 57688
232970 984780
935496 17983
582968 388820
749636 589120
427270 66607
870755 333817
486651 346462
674730 509506
282566 870607
238014 122095
48522 566714
394860 895912
337323 455900
295212 869191
368443 793630
447702 877920
516596 395296
56471 757536
111503 842711
854890 142033
968 873704
43630 857992
517023 647610
351308 701729
593507 352279
464238 833124
282566 243763
282153 312324
736265 646926
482956 509286
968 990270
273548 487844
111503 6687
756799 729954
21864 408077
773065 458456
128185 464076
282566 72868
239876 653359
671983 362735
394860 998856
122095 138076
463768 291863
462799 338982
403723 797868
976652 48382
869568 941144
144168 73572
763957 956070
517023 303666
739097 396353
504408 530822
331773 66694
863795 639344
968 413662
545813 574577
504408 582561
517513 974092
331773 671709
890152 231551
516596 69452
773065 412117
107262 84362
108173 297323
303294 739721
161169 499320
97360 834197
876686 531753
43630 22699
21864 952039
827047 855430
48522 70504
459956 286068
464238 791982
770512 763886
208194 168127
394860 53450
311292 765450
43630 725237
763957 779440
459956 591921
890152 630621
287334 765112
516596 856924
459956 965691
736265 221884
604729 735262
513609 99454
604622 34822
56471 389329
337860 862422
331773 867821
182795 653887
78442 436975
721184 799557
128185 296246
516596 737396
447872 609313
516596 837459
282566 196801
48522 179080
21864 638362
21864 968
311292 911344
21864 417912
721184 368497
893716 265674
604729 535167
282566 698502
437665 539649
122095 541234
464238 770543
271063 614058
516596 400235
504408 45020
711708 955062
865704 943237
464238 163804
582968 37753
448821 4381
483319 524111
851971 379306
427970 170431
854890 90622
448821 600196
693370 766040
271063 752681
516596 749844
517023 370363
805886 538182
337860 757849
671983 762784
138318 397713
595895 948656
595895 304359
805886 989722
250886 300526
940690 707721
448821 173448
368884 819036
827047 465573
615298 369451
471870 824696
707454 584645
750112 987628
311292 621547
403723 659892
771455 873077
232970 39837
721184 803997
394860 920257
773065 977175
471870 182795
412711 145485
995084 911455
232970 738254
54093 38952
815911 481157
11402 813260
622301 116671
805886 755522
285859 908829
832810 110185
362735 20352
11402 230610
676264 121924
282566 420464
893716 728260
464238 851018
172725 198238
464238 837968
303294 487928
956481 841553
282566 653229
771455 968407
504408 606951
492276 950229
464238 951826
43630 526636
815911 271063
200992 731826
827047 138318
721184 14340
239876 848492
351308 604434
286698 851656
295212 781012
457913 219007
968 815486
995084 335876
205846 933903
865704 156363
427270 294800
276628 765979
358911 815981
66787 370976
482956 508705
205846 311219
346775 328402
448821 609687
351308 851816
999336 109330
271063 561021
21864 842816
796783 284183
827047 782680
285859 390543
282566 351994
604622 48750
516596 947111
282566 886006
684213 538846
175677 444735
671983 70818
582968 734486
66787 77828
394860 485782
968 811768
48522 571636
869568 663471
516596 66299
219058 564714
48522 975260
721184 736743
750112 52930
447702 192551
474122 721847
517513 679295
303294 882806
404576 242512
337860 753102
865704 815314
88659 917376
516596 779506
66787 595139
545813 717427
200992 940532
863795 993761
516596 638351
474122 787342
337323 789773
517023 469289
345744 29973
507835 56653
516596 212000
481157 595232
517513 665181
21864 632879
785558 612278
711708 614877
374897 833725
295212 865407
368884 633599
48522 379516
721184 713265
97360 732583
276628 669009
582968 46992
464238 810618
394860 744242
693370 151583
122095 38657
306733 326397
311292 835486
285859 205196
974092 31823
313698 813321
412711 139698
295212 376374
43630 25179
517023 645011
232970 98813
459956 419512
108173 960700
517513 348312
516596 257495
346775 191038
464238 630232
517023 747993
21864 282153
516596 993928
368443 709338
43630 474610
516596 749355
11402 4014
464238 730142
893716 959950
346775 544167
965460 423798
785558 364911
995084 117832
346775 107393
111503 444382
684213 407345
404576 405383
282566 563807
122095 969280
122095 596266
11402 96454
403723 49123
866522 714512
346775 402114
516596 715978
56471 286547
144168 379178
338704 222947
511200 463879
785558 53882
21864 319536
21864 84165
756799 881784
219058 430317
313698 189550
802780 361522
230890 250668
219058 468008
200992 307044
516596 896491
770512 464075
504408 583280
427270 562270
671983 21623
286698 231487
368884 843236
471870 92643
464238 563185
604622 265515
285859 301271
412711 245073
88659 283036
122095 149791
267066 218287
482956 204619
721184 766966
935496 584136
85235 140917
471870 974647
461141 258095
736265 98879
711708 709103
78442 649646
282566 60000
21864 629372
200992 235208
43630 543633
763957 52773
461141 831787
627156 216330
956481 414545
404576 264723
111503 709091
504408 860795
286698 323597
645577 652332
854890 55872
232970 284256
645577 621305
516596 935224
113532 586435
464238 132807
504408 713761
832810 699230
21864 140497
796783 494208
412711 803463
368884 659503
48522 273690
464238 892944
965460 206814
68274 798633
346775 675508
516596 692321
219058 787257
516596 800594
285859 913837
43630 891985
507712 316900
858942 363266
200992 443741
311292 995190
111503 442708
471870 266423
21864 66787
940690 346469
285859 970993
460425 955108
346775 486651
516596 790030
756799 866705
427270 203961
582968 277885
205846 262687
298022 55698
282566 246667
952039 440313
763957 565719
403283 286284
313698 315164
448821 936731
85235 804739
21864 581670
282566 372935
935496 354622
173294 885090
784935 34479
684213 35736
427270 631226
517023 134546
866522 208510
711708 736809
832810 828005
351308 958930
187671 279124
403723 931757
111503 395481
621190 558890
291863 744734
516596 610171
517023 619999
586175 918462
507712 517136
870755 958383
516596 655915
172725 5530
736265 493199
756799 399866
545813 269479
684213 337566
517023 244010
111503 602125
66787 106635
785558 191488
517023 750642
756799 786674
616421 45482
411819 781614
21864 575689
516596 882129
459956 387696
11402 682636
464238 597670
250886 191770
