699439 169604
410967 648251
134426 604073
290845 482607
249107 371400
688588 972898
430682 282367
762547 687528
688588 41830
358638 745523
895602 597524
500967 82632
479503 703052
427815 976321
249107 609108
108357 310762
549631 334068
972404 237386
80486 771019
32928 109130
916511 304132
688588 222212
32837 31961
605763 540865
892411 437415
261887 991928
261887 589462
910140 885694
549631 283373
354702 864763
755247 939806
430682 273090
636346 471300
688588 603968
864677 875949
290845 158746
427815 187551
688588 429690
947476 218468
910140 901344
215587 410460
70623 309388
221641 503034
738616 19127
358638 681153
334116 503945
762547 644531
32885 986311
128217 555270
933925 651552
334116 819833
972404 119534
605763 64467
799991 171201
688588 647232
830671 189151
354702 706713
287282 692603
290845 524700
647346 609233
799991 235778
310698 47784
816075 182394
121290 899988
412225 749611
972404 593128
549631 909710
70623 200032
32885 778636
910140 264573
80486 248169
261887 705366
688588 966635
249107 129217
550665 839518
290845 967236
688588 461052
358638 332284
80486 872394
947476 743092
290845 526103
334116 294721
334116 923521
290845 473685
738616 427750
889825 952873
816075 697882
105032 351297
157773 276076
400395 955935
400395 840545
605763 540432
688588 161683
32885 162887
586223 464946
470246 32885
32837 880795
434144 348160
449344 658310
272678 760280
324079 780150
972404 385269
358638 409346
214243 222152
546053 690098
883329 956222
895602 201408
832661 68437
290845 683759
449344 848175
972404 724517
636346 252994
892411 158117
659465 854653
400395 413419
430682 935932
816075 788089
962487 857222
962487 262272
310698 500142
412431 695969
307247 720453
32837 770594
358638 362528
895602 953759
32928 598373
310698 33556
688588 175709
290845 835251
945312 36229
816075 566725
70623 821723
830671 725741
32837 889813
201406 128217
112069 710316
412431 282138
659465 641121
864677 152486
267208 133691
711393 267513
215587 313462
369458 938705
910140 857135
105032 635713
945312 426913
816075 52548
170085 679794
290845 412954
962487 37914
688588 476484
80486 54894
242376 137310
290845 467227
738616 549631
108357 33031
215587 916485
80486 664885
70623 679921
272678 347864
112069 563868
72693 389884
659465 843728
32928 483637
856487 82141
500967 908620
688588 1721
32837 365815
287282 34715
112069 203604
290845 666821
267208 283426
400395 254928
358638 771417
134426 705912
738616 201406
290845 242530
890817 940190
358638 215615
832661 304951
910140 380953
267208 323714
549631 554657
287282 125908
947476 63366
972404 947476
549631 850173
166941 952999
804535 199605
883329 805444
549631 224119
659465 173871
883329 332082
550665 753344
32837 748021
816075 573461
105032 259032
358638 280722
70623 93017
32837 35574
430682 621037
358638 192744
755247 277738
711393 911397
134426 564372
910140 527617
324079 312575
53780 731222
832661 522041
126551 5438
32928 910900
430682 835630
29906 563640
893922 68626
249107 296403
352502 295608
400395 887870
895602 205965
605763 808372
632759 233755
221641 755247
688588 442199
261887 179484
434144 219993
290845 338978
215587 572077
804535 725626
910140 163607
783886 427815
738616 479157
242376 891756
890817 605597
830671 824249
400395 28230
287282 500532
738616 66995
290845 83826
105032 864677
201406 380078
358638 277782
267208 99756
910140 804342
134426 329183
128217 982563
688588 955448
892411 362380
74542 434680
369458 218850
290845 687574
80486 986374
972404 434725
400395 16522
358638 95786
986374 938243
48776 691439
287282 412225
287282 219522
892411 990170
32885 330600
711393 646418
105032 677884
32928 42278
201406 371729
688588 566878
711393 362131
134426 877631
290845 586381
893922 826266
80486 665833
412431 110725
34469 516502
310698 94121
830671 635586
427815 498209
688588 475835
267208 883329
688588 913449
945312 760793
947476 546053
342184 88869
641811 233263
605763 716363
412431 189179
221641 87158
232443 535734
688588 566935
688588 10905
267208 756121
893922 906391
688588 168143
290845 36309
636346 264534
287282 428762
290845 816498
108357 760830
430682 308322
74542 960401
688588 982938
500967 811349
290845 916739
242376 604556
659465 592269
972404 604257
910140 946708
334116 468466
358638 558905
550665 867857
106448 241011
25458 933362
910140 415810
267208 752693
72693 448019
632759 234905
352502 791110
427815 527006
945312 774780
134426 958615
549631 541054
148000 793111
310698 48243
128217 420167
430682 290221
972404 359492
287282 121290
430682 386558
290845 199939
830671 3436
962487 60889
261887 861749
405171 137646
664885 963948
641811 220857
430682 885697
358638 404928
166941 557206
910140 293384
910140 696190
430682 508871
32837 67764
852309 428089
762547 910809
500967 693385
334116 881019
112069 466691
938705 699174
997659 856781
664885 819911
261887 845983
816075 933124
711393 236319
738616 707597
711393 130879
290845 334842
25458 231889
688588 34199
400395 758495
711393 306022
693385 940924
856487 399747
889825 847450
134426 352966
358638 340458
641811 233586
352502 740873
310698 146955
310698 386149
157773 29371
500967 381025
32837 704016
32928 742407
32837 716897
290845 371939
358638 862453
699439 651723
430682 165313
500967 166892
32928 651120
32928 900793
262924 669455
161683 212991
688588 54007
738616 856487
358638 71843
688588 340512
290845 639056
32837 876307
287282 633316
632759 95291
290845 553290
688588 247824
134426 728262
914040 215767
215587 101675
25458 520119
272678 609824
725134 348070
400395 139392
688588 876330
856487 30154
201406 808071
972404 662653
895602 891012
290845 948452
962487 403055
688588 42709
106448 641285
895602 868477
688588 240653
947476 468423
400395 143491
84873 176531
80486 459730
550665 197924
221641 908728
688588 195876
105032 258600
358638 32104
358638 421573
895602 820161
434144 291583
832661 706431
783886 354662
358638 542450
70623 764970
342184 661854
400395 770701
112069 630690
945312 875024
112069 893542
310698 85806
290845 95050
166941 683083
605763 487764
32928 887269
262924 760002
688588 858794
550665 777937
910140 942152
819833 354600
400395 376088
412431 796705
369458 565219
25458 236728
883329 623113
832661 726876
688588 958578
895602 536272
938692 158106
953759 777626
80486 741985
108357 410696
358638 563243
32928 646866
688588 973652
70623 209676
249107 614334
962487 433418
500967 173954
430682 8046
895602 757356
242376 332949
892411 515062
290845 964334
910140 835147
688588 30885
290845 693778
112069 533704
688588 44961
221641 667760
108357 968060
80486 324150
688588 612683
895602 732756
856487 455970
214243 248324
310698 192847
290845 280090
199307 721631
287282 111787
354702 418039
819833 409333
358638 531735
112069 434144
267208 529210
892411 130843
972404 630646
290845 973390
430682 691993
892411 232443
25458 48776
412431 335877
369458 285298
762547 940389
106448 35028
249107 946962
738616 267208
783886 714215
711393 953077
434144 783544
500967 468254
762547 923455
400395 571274
916511 367711
688588 901489
342184 64079
358638 789160
688588 523728
358638 45781
354702 885469
400395 818684
201406 756009
53780 613593
762547 54186
201406 419260
201406 194702
358638 253163
354702 540579
632759 171030
688588 283359
945312 692945
72693 587168
883329 699061
500967 412533
290845 313106
310698 508323
354702 807926
249107 835172
832661 914040
32885 812735
819833 917714
134426 125871
816075 501596
430682 835585
895602 402320
641811 139105
214243 275138
262924 290508
412431 834040
400395 459564
783886 618033
105032 598480
430682 856735
310698 589032
74542 481884
549631 174344
962487 44264
32885 199307
659465 246145
711393 538116
106448 292144
659465 475021
972404 258747
910140 209593
262924 595777
267208 277578
358638 108018
400395 788894
434144 156816
889825 710996
324079 563414
74542 410967
856487 570118
32928 48609
938705 441272
688588 645003
128217 980213
895602 466556
166941 340962
910140 759329
832661 47708
434144 337367
738616 348643
358638 295031
201406 734018
108357 422809
358638 958736
549631 820828
688588 917410
358638 571773
895602 70323
358638 480154
449344 852934
688588 214528
688588 795419
783886 221641
405171 793619
221641 100159
267208 471217
540636 267871
242376 589163
830671 331881
287282 569037
334116 172898
832661 150968
893922 487474
29906 151530
25458 982065
32928 147389
938705 724816
112069 871654
126551 387134
550665 221088
287282 34469
126551 451755
400395 568385
962487 56690
962487 951952
688588 389230
108357 423485
112069 946997
895602 861663
972404 653428
358638 341340
479503 870817
32928 165549
688588 489184
947476 276579
997659 880799
953759 214187
249107 897292
938705 410345
134426 815569
479503 927098
307247 139336
960290 504354
816075 122324
938705 672318
32885 148000
449344 628461
953759 854973
864677 90068
632759 43466
470246 529203
400395 675340
856487 345030
201406 228709
500967 338586
261887 116536
659465 395042
111787 598563
449344 645961
549631 391007
430682 938413
134426 400757
157773 918752
711393 374380
549631 52732
108357 851648
290845 370951
32928 992097
947476 692932
32928 546303
400395 643941
914040 407446
908620 443850
80486 462966
549631 640939
910140 183102
910140 960884
33231 352714
215587 593505
852309 798441
430682 135077
889825 483898
830671 451729
262924 204235
242376 633515
134426 718694
134426 196437
354702 906383
816075 268307
479503 954008
449344 898881
111787 269689
412431 60985
449344 845422
962487 407615
267208 834878
688588 434910
405171 227851
287282 86161
232443 582364
400395 90368
400395 84873
358638 455550
400395 40610
108357 712764
105032 37935
910140 756879
262924 576490
688588 746972
105032 412948
80486 519777
80486 866392
32928 546819
688588 417520
688588 123324
889825 752289
261887 231115
711393 296104
358638 91292
400395 520913
550665 584765
972404 58072
290845 557526
910140 322986
938705 307247
856487 753591
819833 583375
476636 923432
549631 492057
32928 185463
938705 393341
632759 792754
816075 743890
832661 84710
688588 764517
310698 41161
816075 751081
112069 56858
290845 671389
221641 923644
70623 396583
856487 824056
80486 13451
641811 694036
549631 868371
430682 846529
688588 641471
84873 42640
688588 313915
430682 168437
32885 844268
400395 879269
688588 340141
688588 302496
400395 262516
53780 875201
134426 182194
221641 469542
32837 592682
290845 601557
334116 615455
405171 278354
32928 897392
261887 387302
816075 898331
549631 207412
215587 842696
659465 99822
358638 183709
470246 365363
166941 805340
